-1.0 1.7369683802092007E-10 6.916616046326083E-10 -0.9999999999999866
-0.9999999999999984 8.645771376231486E-11 -0.5802315389605058 3.4583080231630417E-10
-1.0 -0.5181027803316686 4.323335090375235E-11 1.7291540115815208E-10
0.5943536133650656 0.9637944393366629 0.12968490932237497 0.31952646523565653
-0.9999999998038158 -0.544310946621008 1.3963261428304355E-20 -0.5181027802154772
0.9113781067563037 0.12661748642700077 0.8305728673438949 0.4265359614324451
-1.0 2.0216892953486708E-21 3.5210250564256146E-21 -0.5443109466218481
-1.0 1.081867385750537E-21 -0.5655776651614963 2.0012347160215092E-21
-1.0 5.175325372556687E-22 -0.6019007037316663 1.244307800155515E-21
-0.9999999999999873 5.588297145005447E-22 -0.5192193717773457 9.823942485178048E-22
-0.9999999891181746 -0.51563886671731 -0.5763407758133545 5.653964171865718E-22
0.9687222643834831 0.2628207285227626 0.5202923064176715 0.2927994279580656
-0.9999999998184561 1.0356468680449212E-19 2.48479480327661E-19 -0.5156388678082584
-0.99999999999986 7.051943806576535E-20 -0.5175280797794471 1.4329424639448993E-19
-1.0 -0.5397619450675821 4.699618561402641E-20 8.348976231263448E-20
0.3537783390630648 0.6760981414489776 0.9204761098648359 0.5605925860121697
-1.0 1.4574419542115965E-20 3.1337272359050943E-20 -0.539761945067572
-0.9999999999998033 1.6599581936126268E-20 -0.5995229676935288 2.613102132281708E-20
-0.9999999999837439 -0.9999999998799516 -0.5445596819433389 1.7575252592674497E-20
3.458684480602673E-10 -0.5802315389605059 1.3833232092652167E-9 -1.0
0.839536922078988 0.7589116452158917 0.07537186119370842 0.6467745441139264
8.645770057907604E-11 -0.6166180174976561 2.1614425146334705E-11 -0.5802315389605059
0.7667639650046878 0.4941970560905553 0.370311966336483 0.46097653713361275
1.6393666877260823E-20 -0.5113920146193291 1.0651283805818103E-20 -0.6166180174976561
0.9772159707613416 0.17987275716611761 0.7839748341339874 0.4866694112763248
4.081222172832608E-21 -0.5655776651614963 6.324402137948245E-21 -0.5113920146193291
0.04205883363037588 0.740124705702814 0.566446530429406 0.8688446696770072
0.30891768126357777 0.7218655533909334 0.7961985925366675 0.18798363547628782
0.5179684592680921 0.3270563575388664 0.9615612564453087 0.43488684728220095
0.8473182998268429 0.6850390481830848 0.478209126152642 0.6404230571210001
0.12042575968572111 0.15191969854372656 0.43782875548764855 0.11627411420808931
2.0319257726629724E-19 -0.5175280797794471 3.286244722907814E-19 -0.7810856222561757
0.9649438404411057 0.35546995812642324 0.18358297280433356 0.5197537440960475
4.6894828874083965E-20 -0.6271754602005075 8.120334210602895E-20 -0.5175280797783384
0.005133496688261907 0.4525999915257669 0.05775814205529817 0.745649079598985
3.6537053737606734E-20 -0.5995229676935288 2.3027510539661222E-20 -0.6271754602005075
0.04651343647957906 0.1364108130727677 0.4376986543902246 0.8009540646129425
0.05350295381745329 0.9108806361130665 0.4069651369730183 0.2445641570800271
6.916778401701873E-10 -0.7156448515140988 2.7666464185304333E-9 -1.0
0.5374550360300129 0.5687102969717784 0.2947878541306621 0.30375565807543603
4.322885028953802E-11 -0.5515666358018454 1.0807212577437533E-11 -0.7156448515141094
0.09928833656925484 0.10062344736518658 0.12223704152767823 0.8968667283963092
1.6905182898933592E-20 7.45732351523826E-21 -0.5649495509919269 -0.5515666358018454
-0.5113920146193291 1.0915339771061614E-20 -0.7708995494050512 9.541187836686514E-21
3.524850000339943E-21 1.1713421832063604E-20 -0.7377379053724689 7.579425971005957E-21
-0.5655776651614963 2.1939621803404376E-20 -0.5550184699744444 1.93116114163566E-20
-0.6019007037316663 4.2028440595833314E-20 -0.6799962574544557 4.137453739892311E-20
-0.5192193717773457 8.19978390028065E-20 -0.636664170169396 3.81882064313519E-20
-0.5763408500865785 1.6207301952354597E-19 -0.5701289884921393 4.2090847931133507E-20
-0.7810856222561757 3.227336238567655E-19 -0.596535412528674 8.276424389090953E-20
1.8739209589782136E-19 -0.5132794445401814 6.442364104733615E-19 2.2365732796144856E-19
0.9734411109196373 0.4032327138009212 0.553867208715167 0.6779909352312706
6.335628552090628E-20 -0.539159511587032 1.2531545175640978E-19 -0.5132794445401813
0.7095649505870629 0.34277522330024324 0.45484639573080854 0.9216809768259361
2.3191200600934586E-20 9.025816542479584E-21 -0.5755217646201363 -0.539159511587032
-0.5995229676935288 1.5410214570054807E-20 -0.6444056834347194 1.2721809301256745E-20
-0.5445596819434668 -1.0 7.045005714207627E-21 1.256250140505416E-20
1.383323209289311E-9 -0.8830454011162572 5.533292837060867E-9 -0.9999999999998874
0.22200430528038495 0.19863165890861234 0.23390919776748542 0.02854331386961184
2.161442514476901E-11 -0.7406025162794581 5.4036063556854544E-12 -0.8830454011162573
0.2497407854517696 0.518794967441084 0.1644501659096671 0.11038095936819026
0.5934347200527257 0.32611599374675515 0.7333292015622186 0.8701008980161462
0.08474732094635451 0.22541572701380796 0.4582009011898974 0.3878822378902037
0.1446902586007749 0.2920001653339789 0.3230464085907836 0.5245241892550623
0.12318641732298274 0.8899630600511113 0.6560174555588381 0.4392835971955332
0.5780846205593978 0.43364082369418044 0.09411269931504485 0.6400074850910886
0.5658862909052109 0.36174545925075385 0.33460588826351967 0.7266716596612078
0.8597420230157213 0.28587552923482984 0.6048969442470108 0.7319204848348176
0.17531510250220628 0.10420798039306933 0.3381210235733326 0.8069291749426519
3.295406307633615E-19 -0.6696473781334942 1.2881740884547638E-18 -0.596535412528674
0.2997060247839839 0.4883214359446526 0.6607052437330115 0.2976250793125468
1.591680385989076E-19 -0.5393132118593904 1.330421177740354E-19 -0.6696473781334942
0.04323943504587846 0.32822025791146725 0.9213735762812191 0.44550442581795757
0.8489564707597274 0.5822859312527338 0.5634694592132499 0.4325710305482833
0.7111886331305611 0.19424522528437982 0.6226510256742341 0.3952347875867004
8.437626710787048E-21 -1.0 5.35989921954626E-21 -0.6444056834347194
2.766979001023715E-9 -0.7190236260328904 1.1066585674121733E-8 -1.0
0.3129120682944747 0.057056813950586927 0.561952747934199 0.21393811193963452
1.0807212572384505E-11 2.7018033525483265E-12 -0.6305351051665767 -0.7190236260329005
-0.7406025162794454 1.3514129678373985E-12 -0.7012438758812927 5.403606286192253E-12
-0.5649495509919269 -0.6154375871262311 6.754680876575796E-13 2.7018031430961263E-12
0.3385988230322535 0.15801457101136407 0.03508701021537064 0.7691248257475378
-0.7377379052472265 2.284560810388628E-18 -0.7333623384639711 -0.6154375871262212
-0.5550184699743835 1.3258636625897805E-18 -0.5192296085743431 1.418243012949923E-18
-0.6799962574544557 1.8249741739137434E-18 -0.6565209020678182 7.399973053713554E-19
-0.636664170169396 3.039104724149334E-18 -0.559622068752699 1.1016886721816227E-18
-0.5701289884921393 4.8588361181549016E-18 -0.6238725544806021 2.1691696608605968E-18
-0.596535412528674 1.6992996822954628E-18 -0.6243566834631642 3.838496368006386E-18
6.753637239333365E-19 -0.5796583396246006 2.576384297731461E-18 2.2228407571265663E-18
0.8406833207507989 0.3894517396125209 0.6382199880017324 0.7069130435991267
1.0962138785651428E-19 2.2505090229868586E-19 1.4222208685501793E-19 -0.5796583396246006
-0.5393132118593904 2.9474523388179515E-19 -0.5449005773249564 3.1597939463434565E-19
-0.5755217646201348 -0.5748191769839717 -0.5822651052512136 4.541785400463787E-19
0.850361645866013 0.48620697737026963 0.10428236572016403 0.8476772796081157
5.9174026367918054E-21 -1.0 7.811588016316774E-21 -0.5748191770669935
5.5332926414577054E-9 -0.5900411918135471 2.2133171348243467E-8 -1.0
0.8199176163729058 0.2681127153267532 0.47907212221624473 0.37677142354930193
0.04015123312251734 0.7389297896668465 0.3324185210351144 0.04085464008897177
0.5975122482374147 0.2943747625747688 0.5767560630859162 0.22886758134525265
1.3509015715480632E-12 -0.710683401610208 3.3772545914033074E-13 -0.7012438758812927
0.21400063703455163 0.43395046136485504 0.5786331967795839 0.5174726078116434
0.33345507403781005 0.15340463025083506 0.09370633054669131 0.5332753230720578
0.3066118885414094 0.7321005268637346 0.961540782851314 0.7419687116307463
0.2890134021535834 0.6289412535809173 0.6869581958643636 0.6536682368549789
0.04270760423643771 0.8807558624946018 0.17193051726772246 0.7678680007564843
0.34231513499088284 0.4581525975653862 0.7522548910387957 0.4998322513088138
0.4955914373454787 0.7512866330736715 0.45579496781544737 0.5809103648237721
1.5448064655728359E-18 -0.5118735996344974 5.153010817693023E-18 -0.6243566834631642
0.7366884555356941 0.05233259997916018 0.9762528007310053 0.6515740986932607
1.451904758070414E-19 -0.5449005773249564 6.010829988545904E-20 -0.5118735996344974
0.2730003002437591 0.14785060822190133 0.9101988453500871 0.5076552063607879
0.3926437562558577 0.23772860215700475 0.42932575466153244 0.8354697892431583
0.708742508879026 0.3205356107504056 0.4654254645311534 0.36257198383721323
9.640451995928738E-21 -0.9999999999999986 8.31918667117154E-21 -0.645628745560487
1.1066585668454583E-8 -0.5322656641793084 4.4266342696486933E-8 -0.9999999999999998
0.7415768318363761 0.048841509457961285 0.9354686716413831 0.6513673259529812
-0.6305351051665761 1.6886269644350746E-13 4.221663625676396E-14 -0.5322656641793084
-0.7012438758812927 3.377253928870157E-13 -0.6252883230046948 8.4497569789817E-14
6.754507857740316E-13 -0.5706367406848214 -0.5776617845030727 1.6892397275904158E-13
0.6910820621827534 0.8587265186303572 0.29532026320722815 0.572375556823423
-0.7333623384639711 1.7212768111744972E-16 6.596199053814916E-16 -0.5706367406848214
-0.5192296085743431 1.0431071707579856E-16 -0.6452484518708398 3.2980994478552404E-16
-0.6565209020678182 4.319853097958953E-17 -0.5680463396401252 1.6490495374459342E-16
-0.5596220687526992 3.4419290266547575E-17 -0.5134560909616253 8.245244389767364E-17
-0.6238725544806021 1.0435322217643881E-17 -0.5076498304312953 4.122615643680405E-17
-0.6243566834631642 5.754067443126127E-18 -0.6045838156676884 2.0612955024768666E-17
6.7157459374014685E-18 -0.6209655114544944 2.7137602578187393E-18 1.0306329995257382E-17
0.5273573819422237 0.7580689770910112 0.3755868333180913 0.027299741671968913
9.512481175325036E-20 5.249610393467534E-20 -0.5030028732723537 -0.6209655114544944
-0.5449005773249564 5.814294615476523E-20 -0.6128064997948042 5.3180954916702067E-20
-0.5822651053784209 -0.708191749991007 7.364538812453823E-20 6.48663219261251E-20
0.4589539670577606 0.5836165000179859 0.4870493582482087 0.3513500914584816
1.0133668310719138E-20 -0.9999999999999847 1.365540037789474E-20 -0.7081917499910071
2.213318746423069E-8 -0.6005131432077462 8.853268539297387E-8 -1.0
0.5971094416280549 0.6441942952385133 0.4518218693508744 0.7989737135845049
8.443134822175309E-14 -0.6252883230046948 2.110784012262631E-14 -0.6005131432077475
0.046890252657728504 0.26887159876564537 0.7494233539906104 0.4896280518094611
0.32686282573168524 0.8117586616747269 0.3098864527212539 0.8446764309938545
0.8256900860973198 0.23421215589682387 0.6509214582179401 0.9402701785457396
1.1687161620540203E-15 -0.6452484518708398 1.3192398149726442E-15 -0.5298649107271303
0.7095030962583204 0.4255107581488453 0.6051539967086821 0.5629298037666368
0.8639073207197497 0.2769576611390099 0.44139972686909856 0.32040575857657416
0.0542024129491091 0.9491904473502913 0.9614690089624391 0.9730878180767496
0.9199597377281631 0.697858244269055 0.23278924405228574 0.9847003391374094
0.5753414424318415 0.3034501231248604 0.7456350761164623 0.7908323686646234
5.389673015642211E-18 -0.6949354130992917 3.8017484980581355E-18 -0.6045838156676884
0.5435436686240083 0.0919420068180542 0.6101291738014165 0.15789613575995332
0.9939942534552926 0.524192630275269 0.26577784766480905 0.6946861119401583
0.7743870004103915 0.06563490761577373 0.40020825312242636 0.31823149015741015
7.315104533349544E-20 -0.570110443295742 2.5118288601005094E-20 -0.6128064997948041
0.04168902758083004 0.5280202089041518 0.027170581661295157 0.8597791134085161
1.1609939654585465E-20 -1.0 2.0851963281221352E-20 -0.570110443295742
4.426639201968843E-8 -0.6891509757244119 1.7706537078594773E-7 -0.9999999999999999
0.2097880786632801 0.6216980485511762 0.4695973426091379 0.34116456862165145
4.2215674110869647E-14 1.0554086875537771E-14 -0.5302746634594055 -0.6891509757244109
-0.6252883230046948 5.2799081224270834E-15 -0.5293029614700321 2.1107837055388372E-14
-0.5776617845030727 2.638619827854517E-15 -0.584925282048466 1.0553918527571122E-14
-0.5298649107271303 1.3232124164747238E-15 -0.5832575789882997 5.2769592635347285E-15
6.596818679588006E-16 -0.6538217409308679 -0.5264205669035047 2.6384796313278346E-15
0.23480333501228945 0.3066054235247976 0.6923565181382643 0.10139328646664658
-0.5680463396391945 1.1912225262843562E-18 -0.5020572171041445 -0.6538217400440837
-0.5134560909616253 1.759493978896788E-18 -0.5939791487415493 1.032236191786059E-18
-0.5076498304312953 -0.5213738311741407 2.131956740400089E-18 2.5351091831577195E-18
0.3847227111179189 0.9572523376517187 0.030353710050771476 0.3656396771448267
6.17883304332144E-18 6.2230821360307115E-18 -0.5443537081757492 -0.5213738311741407
-0.6949354130992902 5.6484057079161194E-18 -0.530237995305716 5.320714995331118E-18
-0.5030028732723537 -0.6192424622763902 4.726379232106155E-18 5.086455705169298E-18
0.7615150754472195 0.33901927449630564 0.19491261512396252 0.2790983256298215
4.108911152166162E-20 3.310585766420764E-20 -0.5252951657327016 -0.6192424622763902
-0.570110443295742 3.213283931051188E-20 -0.643556678873775 2.5913226680765706E-20
3.095598963995702E-20 -0.9999999999999987 -0.5198619484340419 3.232111246719295E-20
8.853044178727316E-8 -0.7810013685378348 3.5413074157189547E-7 -1.0
0.05665837277370778 0.4379972629243304 0.2467049856248017 0.05119139633927583
0.8590082162788116 0.44311363318213015 0.5839324851147755 0.9394506730811888
0.811647221999821 0.8338489581807862 0.6878846177882012 0.9413940770599358
0.8301494359030678 0.10048206022613038 0.10153494565041654 0.5387394377118802
0.16880112972210493 0.1417614325550407 0.6641182621334975 0.8334848420234007
0.9471588661929907 0.7293477517035315 0.9379500429936547 0.20898786505184885
0.6136123799348396 0.09069608493437886 0.27697791776082714 0.20740005471209844
0.9958855657917085 0.6814531825430972 0.9531116790217752 0.38642678809370246
0.2534471837337573 0.5475468725100084 0.8120417025169012 0.26310882256629753
3.758344487553954E-18 -0.7207778073373345 3.560054555569063E-18 -0.5939791487415493
0.5364951142418884 0.5170725962617778 0.5584443853253307 0.022733362637213483
0.08732051863912194 0.9112925836485016 0.852291017973405 0.25407293301719613
0.3355254708812405 0.3528277155282663 0.9395240093885668 0.5040194629727852
4.47161782075789E-18 -0.6428760117938889 2.899199451898779E-18 -0.530237995305708
0.5253571664737166 0.714247976412222 0.1459711373462509 0.06281338874735043
0.015063205852948292 0.9494096685345966 0.2304886701566632 0.43876041296422286
0.43294812343235956 0.05504705308964175 0.71288664225245 0.2522012878485189
0.2579145244178438 0.21791820075469703 0.9602761031319161 0.5495912364360841
1.770653778343647E-7 7.082614831437909E-7 -0.5313836309513214 -1.0
-0.7810013685378336 1.4165229662875819E-6 -0.5424645529850303 3.541315409088405E-7
-0.5302746634594055 2.8330459325751637E-6 -0.5281881499449328 7.082614831438372E-7
-0.529302961470032 5.6660918651503275E-6 -0.5822527359515056 1.4167364169948392E-6
-0.584925282048466 -0.50566111937982 1.1332183730300655E-5 2.83305775015655E-6
0.05020020277938586 0.9886777612403599 0.6512718365171235 0.39846503275083667
-0.5264205669035047 8.199239165021467E-18 8.053483310928609E-18 -0.5056611193785534
-0.6931938100325802 7.061485961418847E-18 -0.7367035599109981 1.0167500974359815E-17
-0.5020572171041457 -0.5171614853123054 9.742363558758986E-18 9.511571601337122E-18
0.5692084686247362 0.21442946816984532 0.9656770293751069 0.22129982844976448
3.2796369867969293E-18 5.889674718282026E-18 -0.5706625353284268 -0.5171614853124464
-0.7207778073373347 2.119936779752536E-18 -0.546993222533606 3.6948415624976735E-18
-0.5443537081757492 1.688517345103891E-18 1.6299380554016586E-18 2.4335778631571707E-18
-0.5302379953057166 2.266353961503961E-18 -0.6629975092546905 2.491110894256134E-18
3.481255032566836E-18 3.334197718891865E-18 -0.5036043324502302 3.2927693923347762E-18
-0.642876011793889 2.3807977494780564E-18 -0.500647167771734 2.3675307761754817E-18
-0.5252951657326947 -0.5237812673656796 3.4095953266530675E-18 3.377415868271469E-18
0.9524374652686408 0.3291230059152761 0.6243241770677798 0.5465305878587848
-0.5198475138015258 -0.9999999999998276 6.364419279535921E-19 -0.5237812673656157
0.5891295281962011 0.08541672724203819 0.6817972514272871 0.9372327380720866
0.9150708940299396 0.8897890132737006 0.22768253469502286 0.7230154919100509
0.15960522514799103 0.4452838423684129 0.21818949964404988 0.9436237001101323
0.8354945280969738 0.011734459300182132 0.7443043170972209 0.516885993772332
5.666091865261308E-6 -0.5919728671988069 2.266436746060131E-5 -0.5822527359515131
0.49908408934540305 0.04405949073152249 0.8160542656023863 0.6115494516770362
9.834249228422168E-18 -0.7367035599109981 1.0839440762536463E-17 -0.5919728671988069
0.28600394967036924 0.04807100774226547 0.5265928801780039 0.28402158800960187
9.334882132486122E-18 -0.5655611124935271 1.4914928796047917E-17 -0.7367035599109981
0.15050477607027524 0.8688777750099377 0.3851515140131102 0.30141147319609407
0.8586749293428536 0.14656051669966208 0.7483958211205061 0.26807594527592116
0.5641770378395647 0.906013554932788 0.03737931763940938 0.32791230329095544
1.6992192320149122E-18 -0.6629975092546905 2.360898643712865E-18 -0.546993222533606
0.023230501782557922 0.013027580410659545 0.6740049814906192 0.008611500076376788
0.446695316210064 0.16079345659612998 0.9927913350995395 0.8091430991976823
0.9987056644565319 0.8111987078183229 0.07871989366651788 0.5777753911744601
2.6205106657191734E-18 -0.5237354858591191 1.61834711761469E-18 -0.500647167771725
0.4585237000262897 0.9525290282817618 0.5066885436319136 0.0892658324623673
6.338582136272884E-19 -1.0 9.648867858383112E-19 -0.5237354858591191
-0.5312964645053908 4.531197253850962E-5 1.811474284061748E-5 -0.9999998383256216
-0.5424634080062715 9.065746984240157E-5 -0.7645130591039704 2.25464234980366E-5
-0.5281881499449338 4.5328734933772975E-5 1.8131493968481048E-4 4.5328734921009395E-5
-0.582252735951513 2.266436746060782E-5 -0.555879041785442 9.065746984240524E-5
1.1332183730300675E-5 -0.5031253647965552 -0.5249115774623335 4.532873492120262E-5
0.4282110871857072 0.26088859851323065 0.9937492704067821 0.9258655475354248
8.523972313250162E-18 -0.5243781134853556 1.462194406870984E-17 -0.503125364796609
0.10689481358056208 0.9512437730292889 0.24787853391800896 0.9470468509540971
1.0949135671255429E-17 9.972653074964109E-18 -0.8048463731565467 -0.5243781134853556
-0.5655611124950312 3.009278454886133E-18 -0.6556164642694583 6.325340315693072E-18
-0.5706625353285733 3.0822802215540573E-18 -0.5332324345296409 4.717754789156789E-18
-0.5469932225336059 3.1768826369112772E-18 -0.7789602172930636 3.893790624744163E-18
3.3235073383684894E-18 -0.5571885207188121 1.2976088595849066E-18 3.798502788083641E-18
0.775835415519954 0.11982215518916961 0.8856229585623759 0.3109130296507613
-0.5036043313576228 -0.5047310245378891 4.624879911677326E-19 -0.5571884641827523
0.12504679952653253 0.13194688091081774 0.8998946892723546 0.9905377545124959
1.6154299479278042E-18 1.3816520652728416E-18 -0.5553126199446722 -0.5047311227437512
-0.5237354858591191 1.747880438271289E-18 -0.5788266472326957 2.3338241756876953E-18
1.5893477879596169E-18 -0.9999999999998006 -0.5285822797073979 1.2711901030834975E-18
2.3983550057020186E-5 -0.7636952608847257 2.903347801310231E-5 -0.9999877290980234
0.15250091272421973 0.20404655346937584 0.47097359633033564 0.4153468948430161
9.065746986142471E-5 -0.5558790417854421 3.6262987936962096E-4 -0.7645132018348307
0.5187544986924705 0.03715975123521731 0.8882419164291158 0.3504044162789216
0.8792224170713301 0.7114845311456146 0.9501768450751478 0.298990531541642
0.11889755027339055 0.383553508280168 0.4360399599521566 0.926511698710984
2.1021533801501187E-17 -0.5440010527349113 2.2486390678116814E-17 -0.5367441506444257
0.7187876477663735 0.20826186914329015 0.911997894530164 0.6810063984122429
0.06466863280118906 0.016694130211873937 0.3903072536869029 0.3551395392750124
0.6887670714610834 0.27177362445406616 0.5944190697096423 0.4890777035326266
0.6155061341548645 0.9335351309407183 0.5724206691005501 0.2669080494833488
0.20637673290236447 0.36275268140692285 0.4420795654138393 0.029534238176689542
2.3090014868490133E-18 -0.5861527432519336 2.1308049675718627E-18 -0.7789602172930803
0.47231484365234055 0.827694513496133 0.628561458750083 0.782859446613603
3.5180449165219055E-19 -0.7157268665837015 6.267850633866029E-19 -0.5861527432519336
0.5685462668325969 0.4326747879965511 0.10252594536753479 0.15921094819166182
0.8893747601106425 0.4546130843453814 0.1152021396529661 0.1989929923811552
0.8374692902161762 0.8423467055346084 0.11533273841673397 0.6040198953188657
0.15328122956376578 0.9428354405852041 0.3529771380179797 0.735833208685671
3.59948901562563E-5 -0.5832670436526384 2.2498017231071876E-5 -0.9982211531525664
0.8334642434732176 0.23164710335223893 0.23621317010724607 0.23220080705122392
1.8131493968481048E-4 7.252597587392419E-4 -0.5580686017891737 -0.5832678782633164
-0.5558790417854421 0.0014505195174784838 -0.5418581139779646 3.6262987936962096E-4
-0.5249115774614476 -0.6685489127331589 0.0029010390349569677 7.252597587392419E-4
0.6629021745336823 0.13155608343848646 0.45289887600135637 0.5302759461157248
2.487285441925805E-17 -0.6869787494431134 2.7730137293151703E-17 -0.6685489127331589
0.5499410335243146 0.5335308419958756 0.6260425011137731 0.5098926508108923
-0.8048463731565485 5.578220602885804E-17 6.009350962488723E-17 -0.6869787494431134
-0.6556164642694583 5.852752085016923E-17 -0.5101147843677 3.530792563743198E-17
-0.5332324345296409 -0.6166898495696878 3.3121959307515366E-17 3.3048345154066363E-17
0.1409454936385891 0.7059985846279772 0.76662030086061 0.5885654262741741
1.236470738633287E-18 7.455875520428347E-19 -0.583690534310388 -0.6166898495696951
-0.5861527432504026 8.477509234298669E-19 -0.7596727923103899 9.457064845351075E-19
5.854508920568982E-19 -0.546747091105604 -0.6508795417687013 6.0164409812812625E-19
0.8216608108175468 0.9065058177887918 0.5924961212089708 0.5263049558436017
-0.45750121842226543 6.135041763488894E-17 -0.6382414477244689 -0.5467371042093038
-0.5788266472326957 5.87057990099652E-17 -0.5008132929729694 5.56615843805875E-17
-0.5285822797073979 -1.0 7.421496012810677E-17 7.363855645099166E-17
2.1701829322174977E-5 -0.686059119388735 3.0478441118651537E-5 -0.9999989744354219
0.5444757355818297 0.5989359576733292 0.6278816065115662 0.172612068045624
0.10391013921963166 0.13630127858234298 0.8838627964216526 0.27448805812811383
0.27419538712794567 0.6566230299429671 0.3074543333226588 0.916283772044071
0.0014505195174784838 -0.5780645546131066 0.005802078069913935 -0.5418581139772518
0.8438708907737869 0.8129911852680176 0.3978629693679926 0.3056942456019993
2.6164074356196588E-17 -0.5307290149519296 4.9817400973321115E-17 -0.5780645546124278
0.6433276442055345 0.9385419700961407 0.04902152657729675 0.24597162752874646
3.7283470618030774E-17 -0.5101147843676331 2.601660204843652E-17 -0.5307290149519297
0.19342890049206063 0.9633871320804899 0.8656259387066326 0.9797704312646
2.7772147024973996E-17 -0.5282187761667998 4.4707392980567806E-17 -0.5101147843677001
0.3934063820949112 0.01347236028975396 0.9435624476664003 0.11572245181354435
0.8326189313792242 0.20672108053559124 0.7724773723340778 0.4744124511200457
0.4806544153792204 0.2617058033976266 0.1275685126198991 0.29464410391573104
0.3493976207338896 9.454831067048364E-4 0.6982409164625973 0.5872299045205328
0.08189351228200148 0.27914780333857847 0.9315522998253715 0.8411563504810957
0.7234998482710593 0.29219136989847105 0.15717909388746232 0.2459388352668247
0.9846100149729639 0.9214176597933286 0.8129772768557428 0.9983734138331645
1.1638960497191638E-16 -1.0 6.610413538206548E-17 -0.5008132930834177
2.8718209812802737E-5 3.817743384160263E-5 -0.5122358306294009 -0.9998406683340247
-0.6859786758243361 2.592261320666333E-5 -0.5526776682312686 2.478451324304834E-5
-0.558057020425043 -0.5202294085918039 4.071211212025209E-5 2.5837652018241888E-5
0.1583650619240926 0.49682688582757095 0.959541161973286 0.08669370579870528
0.002901039078476225 -0.5263845061781119 0.01160415613982787 -0.5202294190045266
0.6588738195325381 0.7829289809300147 0.31978271599082164 0.9472309876437758
4.127259045552562E-17 3.143399263393047E-17 -0.6462362910287787 -0.5263845061780985
-0.5307290149519297 1.9050375225201376E-17 -0.5101897269320879 2.8023147994133995E-17
3.2779246325539773E-17 -0.6082351759120282 -0.66874096672667 2.5688994606362242E-17
0.7835296481759153 0.5954087244952165 0.529695073951224 0.33335161160911553
2.722411619702738E-17 3.5133161251850145E-17 -0.5050587770835138 -0.6082351759120423
-0.5282187761667998 5.69937184299015E-17 -0.6585750357526168 3.782562258581947E-17
-0.583690534310388 7.389148694958852E-17 8.410492986860267E-17 5.5129877715321186E-17
-0.759672792310389 1.1619825869938465E-16 -0.5357909440384309 7.429995713413647E-17
-0.6508795417687013 -0.6683532444519136 8.450068592666802E-17 6.133991877493463E-17
0.1275311425318414 0.21124330151173887 0.6632935110961728 0.47892511688544237
-0.6382500758644704 1.0276322262534492E-16 7.063710094197018E-17 -0.6683532444519136
-0.5008132930834177 5.406611369393444E-17 -0.7321744347791761 6.868342381335595E-17
8.373524635922373E-17 -1.0 -0.5702384236584233 7.491071179796714E-17
0.04476356560851813 0.9755280877504414 0.779570851652778 0.23647474623843068
0.03059693888477999 0.8944270391855211 0.250572343613616 0.6811530062662908
3.304913750673914E-5 -0.7874653073067304 5.823827812446662E-5 -0.5514185050360534
0.017497286888240926 0.2206931958959958 0.13180635942570462 0.24992631928037468
0.005802310359687949 -0.6240729009161426 0.02320831227965574 -0.8750368403431675
0.7518541981677145 0.14718279064587647 0.5660494384208233 0.4383414537300364
0.7039570258877168 0.6106900898475894 0.7075274179424428 0.4559887192292291
0.4243951140112937 0.979620546133292 0.8541530472861549 0.9311680559531711
0.07657089591705735 0.5585554697298557 0.5790463350444217 0.6625180665466579
0.04756199903658054 0.7367179548331254 3.343824715704713E-4 0.22651206092784193
0.7224781315758092 0.8365363765034508 0.8902789222998608 0.9898824458313616
0.28261498230035875 0.38130663690530575 0.6828499284947666 0.4808562197578323
1.3772458870940727E-16 -0.5357909440373897 1.4961716252951473E-16 -0.6585750357524537
0.9284181119231383 0.4343454020442852 0.5826401236489931 0.3473252830737792
5.091716045874613E-17 -0.5475834880869247 5.434205131654462E-17 -0.5357909440384309
0.2008133845783031 0.506957046699936 0.26135164929700494 0.9048330238261485
9.784651438229072E-17 -0.7321744347791761 1.2312771625909824E-16 -0.5475834880869257
0.18148963215339875 0.5356511304416477 0.03014326661371436 0.025766409125288825
0.3588999623135387 0.8595231526831536 0.42025455466746153 0.43828009900105325
-0.45448715283670105 9.2953467223129E-5 -0.9849931832029173 -0.9999822013614127
-0.552701445536895 8.749299810918788E-5 -0.9999999982846295 7.024387813775343E-5
3.55210850686917E-5 -0.6924905459320718 -0.999824026650945 1.140153080921485E-4
0.5869050014402696 0.35813037851240725 0.38720659666631296 0.07611044540315859
0.011604156139827352 0.04641662455931148 -0.9999999864124028 -0.7065474992798653
-0.6240729009161428 0.09283324911862297 -0.9999999999832203 0.02320831228052507
-0.6462362823827525 0.18566649823724593 -1.0 0.04641662463248464
-0.510189726933354 0.37133299647449186 -0.9999999999999999 0.09283328579984036
-0.6687409667266632 0.7426659929489837 -0.9999999999984701 0.18566649823711645
-0.6316410225834279 1.4853319858979674 -0.9999999999998088 0.3713329964744947
0.8759074662746441 0.9706639717959348 0.4228880102006094 0.7691861387105375
0.8672533717509706 0.6719766432461305 0.009446199767618069 0.7449394497224592
1.559749074693248E-16 -0.5117854702894343 -0.9999999999845562 -0.5663717826015766
0.9764260362336444 0.059854666217259433 0.723859822378037 0.9412243901194014
5.317684704248643E-17 4.5256995485922565E-17 -0.999999999999999 -0.5117869818831777
-0.5475834880869257 4.5019950695852983E-17 -1.0 3.8348949674520386E-17
7.924193722524567E-17 6.362707487658427E-17 -1.0 3.242062058931366E-17
-0.7321744347679201 5.4221356283324146E-17 -0.9999999999999812 5.1354603011434014E-17
-0.5702384236584226 -0.9999988595407823 -0.9999999999998562 4.138599882376289E-17