-0.9999998151343357 -0.5657771955038797 1.1704734066538074E-13 -0.9999982341005487
0.5821190328880067 0.09435410661157262 0.3761221692137604 0.868424876482941
-0.9999999999999999 4.165989282097493E-13 1.999099068682032E-13 -0.5657875617585295
-0.9999985882877247 6.230541988636375E-13 -0.628082936712303 6.370011611512403E-13
-0.9999999999998009 1.7624832170399543E-13 -0.5895804195160457 6.354554088297837E-13
-0.9999999999999886 3.004728943412861E-13 -0.5724120492578986 3.2415154691066194E-13
-1.0 4.630285872032388E-12 -0.588116786723331 4.858589086888561E-13
-0.999999999983917 9.344309472581867E-12 -0.6792788067566533 1.968028507119144E-12
-1.0 -0.5593947419045519 1.8688618992540323E-11 4.672153854532542E-12
0.8812105161908961 0.8777224589220969 0.7885502449039241 0.7520887451847523
-0.9999999999999879 6.016770304120758E-12 6.814488916508554E-11 -0.55939384252303
-0.9999999999999989 6.0505933584357635E-12 -0.5946074043692892 4.787834896931499E-12
-0.9999998762065685 -0.5003688478888512 -0.7707141841488865 4.006956013355185E-12
0.9992622745158952 0.010601768682332868 0.3192081701832993 0.9550454142503851
-0.9999999999998476 2.3365568075916223E-11 1.5366950908726534E-11 -0.5003687367335677
-0.9999999999894034 1.444433326152588E-11 -0.6473667138838382 1.8515054475519424E-11
-0.9999999999986053 -0.6199248575415697 1.723607147695148E-11 1.6776393034064698E-11
0.76015028491664 0.18279543057456615 0.7062185463954815 0.0983709421509249
-0.9999999988065706 -0.9999999884453246 1.8950237440483994E-11 -0.6198118024461206
1.7083661958461143E-13 -0.5132822865839184 1.3999876734283686E-13 -0.9999999999814158
0.5414196425599992 0.9729685046529778 0.9734354268321632 0.7431948424750701
2.507590111758041E-13 -0.6280829367123024 1.4718881220249803E-13 -0.5132822865839173
0.670437746721616 0.7438341265753938 0.3440930212162071 0.4939422170331885
0.2055449633733265 0.18715401980615198 0.5862519145676169 0.8208391609679088
0.6430032999429465 0.357916471984721 0.2878024385575768 0.8551553238785902
0.08593969872532481 0.1618141146901937 0.19547706287179356 0.8237664265513944
0.5259531460671375 0.5541004419023203 0.6414423864866935 0.2506258659210471
9.336160824333005E-12 -0.5829160497067192 3.737723798508065E-11 -0.6792788067566533
0.8341679005865618 0.45153197587935134 0.7310979742412457 0.6830800003475263
5.864859420836474E-12 -0.594607404369401 1.4950774341251177E-10 -0.5829160496987476
0.810785191261198 0.3182117258364745 0.6745062242217071 0.75120042483417
0.45857128374313116 0.10072753525826683 0.05065985340865431 0.35561908631478767
0.3603061664444517 0.2996108327385105 0.14205851615231657 0.7213971562907618
1.633568627256259E-11 -0.6473667138825245 1.3728062216464803E-10 -0.6393014218546191
0.7010012415450222 0.07996496698812416 0.7052665722320869 0.18948281005049128
2.4311467997574553E-11 -0.6505484678545057 2.7827494609742495E-11 -0.6473667138839552
0.053021311098448876 0.6989027375432527 0.15159798443809203 0.11740929382905319
2.0337909408661356E-11 -0.9999999998226332 2.1079889283421728E-11 -0.6505486312277096
1.7486829497402835E-13 5.585780259313446E-14 1.2648438199387595E-13 -1.0
-0.5132822811504695 9.113938265239365E-14 -0.54584060987939 9.26946314132777E-14
1.3690690075181352E-13 1.4973217363557174E-13 -0.6206840281331996 1.0055297479774034E-13
-0.628082936712303 1.524808388443404E-13 -0.5815534605083631 1.3496126561449135E-13
-0.5895804195160457 2.847496665574893E-13 -0.5083408307034429 1.2247659473132691E-13
-0.57242233806061 4.2275371211681617E-13 -0.500520462149171 2.98805953834525E-13
-0.5881167867243028 -0.6985681513156632 4.2305871291915013E-13 4.768589441526901E-13
0.602863697120989 0.24752861420816252 0.10633916747325267 0.539102965010209
1.86886189671137E-11 7.47544759701613E-11 1.8688618981699915E-11 -0.6985681514395055
-0.5829160497067192 1.495089519403226E-10 -0.6316271482992625 3.7377237985038325E-11
7.472665589312048E-11 2.990179038806452E-10 7.475447596995782E-11 7.475447597016127E-11
-0.594607404369401 5.980358077612904E-10 -0.5022221536568028 1.495089519402508E-10
-0.7707143581284344 2.9901786136564164E-10 1.1960716155225807E-9 2.990179038775892E-10
-0.639301421750013 1.4940880212646426E-10 -0.5825855889070038 5.980358066388275E-10
1.7145615327829518E-11 -0.6641507596656475 -0.5108573350932746 2.9901053174060754E-10
0.6716984805149824 0.3621997897040422 0.21326629410175302 0.033796902101686066
1.6570434850826998E-11 2.681792571296709E-11 -0.6727664771392927 -0.6641507583872005
-0.6505486312196387 2.6991088550681886E-11 -0.5329810468854927 2.0509948612956923E-11
2.2176736937756893E-11 -0.9999999999999998 -0.8542202839194252 2.1813036208597006E-11
1.0160113856974332E-13 -0.5458406112311224 3.9996019458549235E-14 -1.0
0.8154558494457542 0.908318777537755 0.34282787468233256 0.32484837715837733
0.758631943733601 0.20360729008460543 0.5981979858756348 0.15174368164046925
0.23726132507009823 0.836893078983259 0.6138597346334336 0.5834325514699256
0.9707451926125217 0.9833183385911697 0.5555753547506608 0.8344223741955918
0.7001328706163269 0.5315438339268977 0.37185170538664525 0.9989590736561326
2.7560647400873133E-13 -0.6278743198285983 3.066973402220974E-13 -0.5005204631719338
0.7442282882950177 0.6625684665710683 0.44925326429167156 0.22271439314614816
3.737723798479616E-11 -0.631611123286349 5.129635173437347E-12 -0.6278858558524756
0.6741733847938588 0.5514709895084227 0.23760850775484388 0.736745703401475
1.4950895194031918E-10 -0.5022221536567899 3.695369133882188E-11 -0.6316271482992526
0.849712457099349 0.7541918570176733 0.9955556926863944 0.6728240011238574
5.980358077457081E-10 -0.5825855889947991 2.3921432310451614E-9 -0.5022221536568022
0.6409704425308147 0.8348288220104018 0.8146027096237719 0.604124365351351
0.7354413179864321 0.20796398202654376 0.28235996445091704 0.978285329813451
0.8647331467248927 0.05250461106094684 0.12158476436473054 0.5947798715777092
0.5628266287599448 0.03068822244523406 0.052346474281667055 0.6544670457213871
0.7681518925281133 0.9340379062289869 0.846710325151797 0.04246529153460754
0.07021017141973251 0.11752906731560497 0.07049204000605147 0.2915594319890513
7.900625365169112E-14 5.0759726311650824E-14 -0.767664920633601 -0.9999999989008334
-0.5458406112311225 5.711878195010935E-14 -0.5741822526661695 4.7806417081873344E-14
-0.6206840281331996 -0.6278171950294164 3.5537415175882E-14 3.510972129674063E-14
0.09111829759328294 0.7443656070808743 0.3866484192402275 0.7323671064633855
-0.508340830704415 3.0873364394133693E-13 3.7765673167604876E-13 -0.6278171964594479
-0.5005204546723385 2.7715070684996463E-13 -0.8059739005467158 2.803305532332797E-13
2.3167128530501465E-13 -0.7996166036702153 -0.59116568866002 2.734202118618999E-13
0.2813806461834487 0.05552468132012267 0.3399148116103988 0.40076676766185115
6.873790510133976E-12 -0.547404862862861 -0.5428635795248364 -0.7996153603227059
0.0540427105866399 0.8428129055975171 0.04878184477343772 0.8864808611883647
7.471864430822204E-11 -0.7568508029342975 8.257006083659417E-12 -0.5567595679222278
0.36010375036809694 0.16911961567684297 0.12027348590106413 0.48629839413140474
1.1960716155225733E-9 4.784286462090323E-9 -0.5527394586004402 -0.7568508029342976
-0.5825855889947991 9.568572924180646E-9 -0.5403386185616741 2.3921432310442192E-9
-0.5108573350932746 -0.5839301507643548 1.913714584836129E-8 4.784286461669956E-9
0.8194256096462982 0.8321396984712903 0.37216905231727715 0.8205043050304907
-0.6726930481892168 -0.5860810564419164 3.6713005998799183E-9 -0.5839301403100077
0.5446316752860186 0.8278098947393124 0.7770367825134253 0.22257571648030694
-0.8387705684371242 -0.988159372980565 7.225897600219361E-8 -0.49941185627092854
0.37181182574303406 0.46467015873276984 0.04073030860418081 0.05835617992508668
0.851635494667661 0.04102740297265495 0.47945950190484943 0.8211292924774131
2.5153728253307673E-14 -0.5499625298932709 1.460399321631284E-14 -0.5741822526661606
0.5916511162698546 0.9000749402134582 0.02301801295508532 0.35550446349601394
2.2123079014890077E-13 -0.8059738994703731 7.339188243205369E-13 -0.5499625298917323
0.2072549219829367 0.1559674314701024 0.3880521989062691 0.1056185055599902
0.15125665802406374 0.009069753683368487 0.8176686211183654 0.5249483303309972
0.8641863552832456 0.18539444561261442 0.7231934450562 0.37856780161209513
0.7621485122588142 0.9142464967194389 0.2977114368214103 0.472937044712216
0.7612867318012833 0.9254422056041491 0.7279917563084634 0.5235694885916309
3.450564230551121E-11 -0.5478785200654521 1.6246000305463434E-11 -0.5372788971979242
0.9042429598674533 0.9003661178787558 0.0016259783398810956 0.2442715364353002
0.8945210827991197 0.26460979864145784 0.5129948104589906 0.5142866312128506
0.8056616980293112 0.9193227628766518 0.4986083869957513 0.05174920389599802
9.568572921597458E-9 -0.5411412126618487 3.827429169672258E-8 -0.5403386185616741
0.6778804191578298 0.9177175746763027 0.7203903064515078 0.8933433885197141
2.8878974853216887E-9 -0.5325393334038884 2.0806180783415533E-9 -0.5411412126469001
0.9349213329448348 0.6648244562890537 0.5217747647536307 0.24249782235748396
9.749253761305468E-8 -0.9999999894099858 8.058657807915074E-8 -0.5325393334435188
-0.7676649206327774 4.7163225814359425E-14 3.983756240054202E-14 -0.9999999999988153
-0.5741821571414893 1.6727917414553693E-14 -0.5903497513116793 2.5752697756362074E-14
2.6298554670757854E-14 -0.5474704729355935 -0.5621032203364239 2.3099768382562108E-14
0.5958534633079663 0.16691869047112984 0.6418797443533135 0.905059053820822
7.784653303051783E-13 9.056162744028443E-13 -0.5678730554460845 -0.5474704730895807
-0.8059739005468523 1.2912626107855286E-12 -0.5457174291627999 9.060607988147077E-13
-0.5911656894408173 2.552832743667345E-12 -0.5017138056296359 7.53706376248435E-13
-0.5679068223583714 2.4324329396143924E-12 -0.5651271815269299 5.034120632552529E-12
-0.5428766042027202 -0.5540800163705408 -0.639766079485477 2.7550376369182042E-12
0.595421539954761 0.4649835341201882 0.610706205758171 0.8918398104070006
1.2273090724716416E-11 -0.5495850675089169 -0.5407954602978406 -0.5540800891356312
0.9008296253148357 0.897544468951356 0.6207505632599194 0.6222751326603083
-0.5382618408260944 2.201954938296142E-9 -0.8751237805396351 -0.549572745230236
-0.5403386185615768 3.827429169128432E-8 -0.5255150279592464 2.8841443562304696E-9
1.9137145848361285E-8 1.9137145698718426E-8 7.654858339344517E-8 1.9137145621203936E-8
-0.5411412126617603 8.138012342030818E-9 -0.600109644727883 3.827429169342335E-8
2.264827230174784E-9 -0.6944807117070017 -0.783901374066477 1.8982769536174686E-8
0.5195349813666619 0.6110382996573851 0.5670099946381866 0.1329647855247379
1.0518535037218072E-7 -0.9999819538656749 7.550482764987407E-8 -0.6944793457240181
3.1113694341443306E-14 -0.5903497513116792 2.4918689408447816E-14 -0.9999999999999998
0.41206664284428396 0.8193004973766413 0.2710870801395808 0.2917317391589155
0.109803649512211 0.18705944776460282 0.3413271467477148 0.8757935593271314
0.3419779669553177 0.45303288248297646 0.8969881405650051 0.5245956618977422
0.2123473573731215 0.11035377400199975 0.3696029087078856 0.8642538891078311
0.3436839005898593 0.09688756082763761 0.9085651416743847 0.7352204958459118
0.6649841354399306 0.8974286321847328 0.4222613808337261 0.9965723887407283
0.5269650595302408 0.5285424365585935 0.86974563694614 0.026436632612487077
0.0238068629284246 0.16999964957702896 0.720467636671431 0.08533219257211722
0.9860160295814243 0.33272570068687557 0.22710483317544783 0.6008075437842193
0.22744755151086948 0.3604150942224855 0.915337084519939 0.6046062276564871
0.27893851625246247 0.7504369632027486 0.4844423775057828 0.007693489035254686
0.021669393373289436 0.24938433068513055 0.13388069471846475 0.133828656518567
0.345283842004406 0.929596829121825 0.18357244470360068 0.9489699272448013
3.827429169671223E-8 -0.6001096447292715 1.5309716678689033E-7 -0.5255150363775993
0.17805095893364975 0.7997807105414567 0.0702335281697688 0.4285569041968582
0.0945407375899261 0.4321972332165446 0.3100047569396921 0.07992698412889387
0.816546252793127 0.04369350497805047 0.0740240885868928 0.2809159474811411
6.913758712480681E-8 -0.9999980541541381 1.0676946600956408E-7 -0.591726873589839
3.597637325129215E-14 2.0896127152123597E-14 -0.5644572475495588 -0.9999999999999863
-0.5903497513116792 3.4568349517288804E-14 -0.6550126791274533 2.2927818778673996E-14
-0.561958617406974 -0.5612062545451364 -0.5141471248656553 3.1900029978714345E-14
0.3202480560711446 0.721486361072079 0.8750896685948637 0.1776179268165956
-0.5678730554453877 5.9042797769439276E-8 9.744450053628087E-8 -0.56245450074596
-0.545717422777108 7.847116165836398E-8 -0.5056016408296173 1.0449122914123101E-7
-0.5017137945525777 3.581629462790617E-8 -0.791306979304639 7.247798947123808E-8
-0.5651271801351319 4.7056090655355754E-8 -0.6802331927155831 4.306857187779104E-8
-0.6397512082474156 4.773659795092613E-8 -0.5933018292451264 4.746850359769457E-8
-0.5069909727830388 2.9958716141122915E-8 -0.5108253773434329 5.107673892838261E-8
-0.5423305291114354 4.7412208167765835E-8 -0.544679486215438 2.8080239883073465E-8
-0.6247815032988868 1.9031108167454107E-8 -0.5018039530581679 4.919452903718308E-8
-0.8753078344945644 1.6656157850969424E-8 3.455386663130686E-8 2.5409463261241953E-8
-0.5255150362318266 1.5309716678688975E-7 -0.6077153521709769 2.084775649994344E-8
7.654858339344517E-8 -0.630029857042266 3.0619433357378066E-7 7.654858339340799E-8
0.739940285915468 0.5133041716203379 0.0051270157609314415 0.6533856427582864
-0.7669484842096432 -0.5576604872672244 1.1425084999953938E-6 -0.6289242746630532
0.8664363288482655 0.7337815524503944 0.2082847542750489 0.7505389112821466
7.872432577838156E-8 -0.9999851235415187 2.0384419134154908E-7 -0.5667742195062553
0.2836846613187731 0.07332149505435293 0.5983415610417854 0.8710851957553405
0.6017282449584165 0.2858998089716891 0.6899746417429516 0.35221702627283746
0.38018921755594814 0.029089978970842756 0.9717057473809307 0.3508279748562687
0.4526223184925846 0.6248006255501259 0.1539690909227448 0.9038052807242845
7.058060312446415E-8 -0.505460010229504 1.4942277680748133E-7 -0.5480973596378578
0.47581480417426103 0.6333333767002017 0.6208227058805592 0.9887826977418309
0.41738583095558557 0.15129321631631543 0.21211620830002131 0.35787958174143064
0.33869195611783387 0.6395336145527328 0.13878341961969265 0.4549027962081713
0.5651345533046594 0.11112268852078089 0.6431000956531046 0.813085159964992
0.30751308950051004 0.311822836842082 0.9783492450506167 0.29023581884632055
0.7469286251842274 0.17480520450671333 0.9106407890645557 0.6055818043804376
0.40530943947285825 0.45958465133136717 0.16786804674703193 0.9963920938834894
1.9189602090683705E-8 -0.6077153523169255 2.11505160750148E-8 -0.5018039529316071
0.769551132944413 0.21563801303747254 0.7845692953659702 0.18836880216726082
1.530971667868898E-7 -0.5219116859004319 6.123886671475613E-7 -0.6077153523170149
0.27598848209152693 0.5732635759306436 0.12993444291883938 0.9561766281991362
3.190879415875583E-7 -0.6132987678146842 2.4495546685902406E-6 -0.5219026537041619
0.7450738866657481 0.5004396366424115 0.16831157732894841 0.7734024643514262
1.0627961572680544E-7 -0.999814458386332 3.3958970985402927E-7 -0.613298767811143
-0.5635955743078186 6.537751069188043E-8 -0.7914032935843494 -0.9801213574814822
-0.6550116286994275 1.0038726798843802E-7 -0.5368740299637379 9.506485883675542E-8
-0.5141471261906846 1.7018459938167928E-7 -0.5776880852079488 7.445714927806107E-8
-0.5480913375143781 1.2525945182026646E-7 -0.6514692589084191 1.27599107864486E-7
1.3977070120823444E-7 -0.5650916260504351 -0.5596889383068097 1.4184808680784016E-7
0.7780010660196814 0.47124805026675165 0.23153277766139158 0.8698167451170241
-0.7913058565588605 3.32063162542027E-8 -0.5453113723261652 -0.5649626907899276
-0.6802331852111633 4.2285147651747326E-8 -0.5762054112832234 4.3684958426466183E-8
-0.5934425821178726 6.188136727779094E-8 -0.6167179382916108 5.0034830818386124E-8
-0.5108242906432687 3.8394049430128914E-8 -0.7516147722988265 7.075719079225333E-8
-0.5446796054677221 4.416363203134111E-8 -0.7572619466821706 3.944997015642882E-8
-0.5018039523854846 3.0131075841021383E-8 -0.5549592437165852 3.2814279739665286E-8
1.9716140133423724E-8 -0.630173871640416 -0.538676427917692 2.8448525955477394E-8
0.7396220247170303 0.4756007685493362 0.06882419818891572 0.6620951086896554
3.0619433357377817E-7 1.2247773342951226E-6 -0.6553773660684657 -0.6301889876414848
-0.5219116859004319 2.4495546685902453E-6 -0.5319953883292863 6.123886671475265E-7
1.2247773342948194E-6 -0.5489708955535488 4.8991093371804906E-6 1.2247773342951224E-6
0.4870967009717043 0.5849297203480648 0.9020582088929023 0.4692960869221574
6.372971138940964E-7 -0.9999998717376775 4.6277709446483316E-7 -0.5489638606044492
0.41686356293058735 0.19236421335236809 0.2569822070789862 0.11114973785563598
0.8946569918789022 0.8663459806318072 0.35452681969261746 0.926251940055961
0.64656234090184 0.3804938581654199 0.8446236637505823 0.3492109525239917
0.10384033276969284 0.6970614623134059 0.11724280398300768 0.19637780445954633
0.14925523617751513 0.3693757971912309 0.8413107108796224 0.8806221212662358
0.04988717646135121 0.6739667593232476 0.777222695806038 0.9444517484039303
0.9080193384113551 0.4125430328899222 0.7303703555076029 0.398247698308139
0.7453651528505897 0.5647534746747933 0.8473747524473153 0.3692609998991234
0.7665641061996709 0.6923987853077905 0.5280051835598071 0.5523679521351891
0.3097897144074818 0.4967357513596974 0.3283020602565341 0.22018315030387425
0.48547610663565877 0.21274216419894443 0.36421188858557574 0.09798066811776318
0.5285850104854803 0.5876875820030129 0.8900815125480822 0.23797523496722117
0.44549766785652645 0.03608140416690264 0.9226471441617792 0.1378670117700327
0.6235316435404015 0.18904616664005514 0.008693605323504494 0.740155312922166
0.6892452678630685 0.4633911086949357 0.493347728229932 0.6215776753424499
0.051107452775627005 0.4641368648260954 0.9360092233414274 0.6361325733364153
2.4495546685902237E-6 -0.6838799279355994 9.798218674360981E-6 -0.5319953883292863
0.3951276085665121 0.27407661821869067 0.6322401441288014 0.40724201505158153
8.808213555497867E-7 -0.9999999876694898 3.665035360677592E-7 -0.6838798326342932
-0.7915680723688525 2.870895741218118E-7 1.0136917481120312E-7 -0.9999981631595355
-0.536874028464992 5.519843503818691E-7 -0.5917773140188229 1.955441284108024E-7
-0.5776880501924581 4.5682274835422267E-7 -0.5002343620516292 3.341654296511158E-7
-0.6514692688421422 4.188996089262317E-7 -0.714041979459553 4.147815119900107E-7
-0.5596889267648473 5.830236183714557E-7 4.438508963120405E-7 3.8086853124459E-7
-0.5277733684006064 8.328952663595646E-7 -0.5587747599915733 7.914876158821426E-7
-0.5459903233694027 -0.7932205565123706 1.6286822604492243E-6 5.049129533684584E-7
0.10870962222086189 0.41355543717040766 0.0888371616739222 0.285473749226953
-0.6167102935912848 -0.5318892849377808 1.485354803369684E-6 -0.7779173903939005
0.1087425269984279 0.9195402503672042 0.6214952908521588 0.598735891778248
-0.7572619466811152 3.7333908215348896E-6 3.443981333703955E-6 -0.5402298616377291
-0.5549592435858577 2.7589949982522964E-6 -0.5421508865921617 2.193558708291718E-6
-0.5376572958124475 -0.6981804211238319 2.350176931822684E-6 3.788806234263458E-6
0.03614058708202128 0.11371000472581261 0.3338482946548095 0.6036391397958755
-0.6553772342026716 1.959643734854649E-5 7.838574939488785E-5 -0.6981804301020622
-0.5319953883292863 9.798218674360146E-6 -0.5952334214963309 3.9192874697443924E-5
4.8991093371358435E-6 -0.7461258828407119 4.899109337180488E-6 1.9596437348721962E-5
0.29717277349717797 0.42901881570330214 0.03957657967376438 0.5077482343185762
5.614677873157319E-7 -0.9999986475784866 6.254935135259549E-7 -0.7461170515287848
1.488630915941988E-7 -0.5902468818433221 9.0135262164048E-8 -0.9999998323238705
0.8164453689132595 0.2260303976664968 0.7325843535358548 0.028669819673108
0.709732106241479 0.999531274241885 0.1888125356450816 0.5505529687262579
0.24309742181128713 0.4077324823859786 0.5667977311786798 0.5719158835416622
3.960831923795806E-7 -0.5588228800660334 8.042273946456948E-7 -0.7140267747231855
0.46137284641606047 0.6751073406053342 0.7317982917903578 0.8823367417742809
8.832918054085888E-7 -0.5500567214157911 8.910899599220146E-7 -0.5581713217607358
0.4195138856860481 0.8998865456263633 0.788216788941305 0.3704416138608596
1.1669661007256075E-6 -0.782607372031926 2.2557915503325275E-6 -0.5500475393443957
0.05486982246602601 0.2677803412023875 0.14363461668667687 0.4140122204698846
3.986014935647591E-6 -0.5421508868532469 5.306300609387197E-6 -0.7928646402111348
0.7265761120370279 0.3684826228516347 0.9156981964051146 0.5578641961088406
2.8020691935606513E-6 -0.8095967838291528 3.351537130957867E-6 -0.5421507679550532
0.12143919913678047 0.37851023108369 0.19910296073780043 0.026169576621212998
3.919287469744354E-5 -0.5952334214963309 1.567714987897757E-4 -0.8107448844581551
0.19943298242864926 0.8095331570073384 0.36535323753858884 0.5824964004008979
9.798218674360981E-6 -0.5023931557449317 2.112217847139096E-6 -0.5952334214963159
0.9952135487735001 0.5448515939611632 0.2742041765584927 0.022722076877733532
4.585360234048227E-7 -0.9998804921438812 5.284630121311088E-7 -0.5023858942606453
1.1214961753172628E-7 -0.5887019478686721 -0.6854218372073765 -0.9998164023699615
0.5537749870293313 0.8224510141141931 0.14104747729911904 0.048694319201986525
-0.500234349530373 5.387642239138597E-7 8.664983630435866E-7 -0.588774492802149
-0.712593591276898 8.391301281104345E-7 -0.5020811230275926 6.190097818577098E-7
1.1821138983794552E-6 -0.6161409942107295 -0.5411019679974776 6.702488119466841E-7
0.27913098286953997 0.5767916161195485 0.7677178715915128 0.04110492192883075
7.851083624417107E-7 1.3705725790273736E-6 -0.545872827121553 -0.6161410490002812
-0.5499451546260584 2.236854335114249E-6 -0.5866961166987921 1.0596620709513125E-6
2.1310152141472795E-6 -0.7541764830102964 2.809159811699517E-6 3.554251934586943E-6
0.3076632739740953 0.21372778547648408 0.49163096953842533 0.07722177253579388
5.805887693948468E-6 -0.5084747512959107 5.498064000606008E-6 -0.7541029448900489
0.5857475180101862 0.20532058665277486 0.9830393865532674 0.29376191239383254
2.0555103476832274E-6 7.114704671900948E-5 -0.5393449051716864 -0.5084803009254151
-0.8107448844581462 1.5677149878977567E-4 -0.5803238731224862 6.9390579350845565E-6
7.838574939488785E-5 -0.7668093159794802 3.135429975795514E-4 7.838574939488675E-5
0.42082907713329265 0.4525933993034841 0.35166813752917314 0.4663813659627448
4.862652042768234E-6 9.153989446865098E-7 -0.5203860719934891 -0.7668093048293517
-0.5023932113651454 5.461894100483498E-7 -0.5527201183626407 1.0927661601217258E-6
5.275042393553207E-7 -0.9999999998433841 -0.5229793902307923 7.376192151369683E-7
0.018956614450961196 0.1957653941956924 0.6291321030624147 0.1060008201686442
0.7010194014939026 0.08295467828254466 0.0918512042274543 0.6535730220454333
5.058074315651627E-7 -0.5020811950945303 5.691447627889245E-7 -0.6494901564454083
0.9958376079905347 0.651582317507473 0.8857396118729862 0.851541026262209
0.4274223378930817 0.917780528166237 0.028997532822798155 0.003542160954905227
0.8189558051936834 0.6471974565287325 0.1693315758439936 0.8721968155363813
0.9082543454956596 0.8451601713036461 0.07521325709119353 0.708660690609381
0.826607736406031 0.27019721431170396 0.17817087772200035 0.8006936682048055
2.8322784377764586E-6 -0.5003603114595974 4.667194199421046E-6 -0.5866950181584284
0.650846691692741 0.623651963959495 0.8657876460871641 0.9992669831723116
3.843100980013204E-6 -0.6792949803406917 4.48412033281117E-6 -0.5003664410991252
0.4285990632807024 0.6413839570444309 0.23330420235184457 0.5073742911801516
0.14612211354202576 0.1540825722344933 0.9213101895058162 0.7498464600578416
0.31564248112203463 0.8393492575262089 0.7621296741284196 0.1723646521999027
1.5677149878966305E-4 -0.83567552742004 6.270859951591028E-4 -0.5803253712368955
0.30191426435716984 0.11297910516259235 0.32864894515991994 0.29583444268382275
0.28574212950850975 0.3803370484931933 0.6432460265176377 0.9592057746080879
0.894556896713595 0.05313686184613731 0.22981267685792384 0.8308251692211255
0.4922494751238067 0.7581509326788688 0.9540411907851316 0.5131446375882616
-0.6853168944261815 -0.5398623459664575 3.988857105382951E-6 -0.9998584980022945
0.5703144885530051 0.12905972846805613 0.9202544436680244 0.041783636993980466
4.0077301461817913E-7 -0.5470687640461978 7.334970477613965E-7 -0.5397412814041525
0.9058624719058487 0.14958647154475357 0.30625722242381326 0.03395549658553909
-0.5411001106116816 6.527951607738909E-6 -0.7390753861821115 -0.5387242677010267
-0.5639015784981956 9.026321086780371E-6 -0.5567858406180544 4.254002051480858E-6
-0.5458728257732478 4.158482983855865E-6 4.253016193429373E-6 5.119743893426621E-6
-0.5866808490634302 4.887121912813707E-6 -0.5554084021516111 4.9656516724815244E-6
5.758527367210063E-6 7.271835592788767E-6 -0.5379950032876198 4.854783483237578E-6
-0.5003650684727388 4.4106058988186715E-6 -0.5691373432522767 8.437046948798692E-6
5.260572745704643E-6 -0.5727948750627915 -0.6704260256829973 4.520645855987518E-6
0.4378127855200019 0.8544099914408902 0.15724505102671205 0.6506270879613211
-0.4560705957527178 -0.5237464636535336 0.09021969459379015 -0.5036003301419122
0.92229948222425 0.5981716398349078 0.14052318612648307 0.11962104705613996
3.135429975795512E-4 0.0012541719903182056 -0.555321103039171 -0.5388502588878743
-0.8356755274200306 0.002508343980636411 -0.5000160673752392 6.270859951590939E-4
-0.5203971126959561 0.005016687961272822 -0.5174617403553734 0.0012541719903182056
-0.5527215516432024 0.010033375922545645 -0.8290411291103986 0.0025083439803993825
-0.5229794046074342 -1.0 0.02006675184509129 0.005016687961272822
2.416607386254495E-6 -0.7235382125462746 2.4868591368254284E-6 -0.9999859467788681
0.1896649285527534 0.11281613803645074 0.5529217409515571 0.09169573942612375
7.164422013621817E-7 -0.7676992883079166 6.782466594353499E-7 -0.723523429628031
0.35365781588869294 0.46460139203121653 0.40695889432424104 0.3762206948664927
0.11550450409051316 0.055907992722593614 0.5218193978014282 0.15306745281472822
0.7710730796960193 0.886425826511158 0.882379726684572 0.5482012868576969
4.1947087711344915E-6 -0.5553948696526481 3.83304756544778E-6 -0.5567869746806939
0.8891829155765838 0.2273756371011616 0.7523663956542693 0.5302470241740396
0.7577192532756728 0.9240099915672665 0.41042321573185914 0.18256174694538363
0.20281346140165535 0.4114619779826677 0.5588714714865824 0.8617054899596509
0.26298511014767856 0.6591476518549675 0.19708214058134554 0.19328483809809816
0.8524291599619488 0.33267958430809497 0.9438718097667202 0.4905868568410001
0.07167059415669708 -0.5145437185083233 2.568544236171685 -0.5272357049922721
0.9688604074858823 0.5538373777752692 0.03292981446278731 0.9639868780393945
0.8893575555601779 0.2726718592398907 0.6357290500809928 0.8029466284196616
0.8310802647395769 0.7818173354552169 0.9999678652467671 0.5521646988380821
0.2563683219946675 0.47289788173014846 0.1569586749369679 0.9650765192892532
0.15343690521706543 0.34191774177920276 0.192162521195413 0.09143165766993377
0.01003337592254501 -1.0 0.04013350369018258 -0.8290411291103986
2.2958366272175893E-6 1.1092468509427233E-6 -0.9998556135538945 -0.9841899255646793
-0.7235318016687493 1.677483861015858E-6 -0.9988312748622061 1.5726125037540064E-6
5.360938535236015E-7 -0.5849487184750611 -0.99999854154928 1.0571128823253392E-6
0.8301023015289563 0.7707229602032023 0.47039326073870247 0.5569840257897335
-0.7390901419205356 4.781880795454143E-6 -0.999999861298481 -0.5849476516230945
-0.5566685076505422 3.67805674554927E-6 -0.9999889422076059 2.870858387512866E-6
3.338569603066111E-6 3.563638589791216E-6 -0.9999999998017196 2.9580537093369957E-6
-0.43784330880885747 3.721834323665161E-6 -0.9998374081070331 3.356413076871437E-6
-0.5379937794918651 -0.8771882320596412 -0.999999980396998 5.5688114504575805E-6
0.05505015473934949 0.21577394159336472 0.04864096211327151 0.15958404142798244
0.1459972278393612 0.019498316979555175 0.4378698105619674 0.5483538893734796
-0.5280640951165292 2.568544236171661 -0.9999999999998874 10.27417694468674
1.2842721180858425 1.2842721180858425 -1.0 5.13708847234337
-0.5155697962570588 0.6421360590429213 -1.0 2.568544236171685
-0.5553212222198957 0.32106802952146063 -1.0 1.2842721180858425
-0.5000160673766165 0.16053401476073031 -1.0 0.6421360590429213
-0.5174617403553734 0.08026700738035768 -1.0 0.32106802952146063
-0.8290411291103986 0.04013350368649726 -0.9999999999998921 0.16053401476073031
0.02006675184509129 -1.0 -1.0 0.08026700738036516
