-0.9999982610853779 -0.6461529280857097 1.121289268961675E-12 -0.9999999999858992
0.389360772394456 0.0026730947192414867 0.7076941438099257 0.10202671923255135
-0.9999999999983328 3.143556328032761E-12 4.781327334616776E-12 -0.6461529280950371
-0.9999999982348544 9.390045698141396E-12 -0.5387133045331712 3.2647704719956367E-12
-1.0 4.695052715782475E-12 1.8780211717856204E-11 4.693677713135088E-12
-1.0 2.3475146098221447E-12 -0.6728737989546791 9.390105858928102E-12
-1.0 1.173763223829311E-12 -0.7037673613330501 4.695052929464051E-12
-1.0 5.868681818077397E-13 -0.5392828392228665 2.3475264647320255E-12
-1.0 2.9344069622939407E-13 -0.6660785402134091 1.1737632323660127E-12
-0.9999999999998519 4.1448269493805765E-13 -0.5372770620783636 5.868816128729441E-13
-0.999999999999835 6.408512929595314E-13 -0.7006348889451076 3.446724667338664E-13
-0.9999999999998731 1.0182767558621768E-12 -0.6734901713056743 5.808611369556159E-13
-0.9999999999983741 -0.5354134473387224 5.356044184314712E-13 8.526949866541932E-13
0.11983690295239202 0.3710072778422693 0.6802140504683973 0.9291731053223572
-0.9999834414311867 7.549676499996509E-14 -0.6403642455841145 -0.5354126514654749
-0.9999999999985657 6.185954737713717E-14 -0.5941719604880136 9.093527721515405E-14
-0.9999999999832041 7.508400416954752E-14 -0.5560089539281778 5.847216182576286E-14
-0.999999999988883 1.3420397975359397E-13 -0.5090921393632103 7.483880229483713E-14
-1.0 -0.9999999998227687 1.3397917534536376E-13 8.851968094774599E-14
1.507839319727017E-12 -0.5572635618185349 1.326634109524542E-12 -0.9999999999986948
0.8854728763340468 0.09062479413759372 0.2513647478330976 0.5422389671549928
3.2551952766614543E-12 -0.5387133045331711 3.1923859263009826E-12 -0.5572635618328693
0.9225733909336575 0.2790835312740938 0.6572501525260647 0.7982012914236716
9.390105203116439E-12 -0.6728737989546791 3.756042343571241E-11 -0.5387133045331712
0.6503819557848628 0.4240769375802558 0.535003674569674 0.6542524020906416
0.483338180459873 0.39725486888602324 0.16490759772030883 0.5924652773338999
0.8896992587607647 0.46481553720869306 0.6946045841861426 0.9214343215542671
0.3013780213165701 0.642995958235352 0.301199666495762 0.6678429195731819
0.9254458758432729 0.31386284642769535 0.7756422317144807 0.9155201196352237
0.2837710656270045 0.04891054434611253 0.5987302221097848 0.04439103531243027
0.203021074815822 0.6530196573886499 0.2785290027613124 0.6391437944862272
6.198001209002854E-13 -0.5878552304778046 5.971950954846343E-13 -0.6734901713056637
0.3772614264444214 0.4084682313313225 0.8242895387554137 0.12072943168467531
0.49406280374050715 0.6625162780891293 0.3621678858103393 0.7192715088101972
0.8116560787977485 0.15908330204685617 0.3030833812365151 0.22662603289461647
0.6232582870555898 0.08689804250229172 0.1864943969955396 0.8879820921436444
0.875474376890553 0.9818157212600268 0.8216162945855779 0.5128539472737433
1.9912787024813712E-13 -0.9999999999851592 1.3066996358944252E-13 -0.5090921393692213
1.9760203908063917E-12 1.845266242745313E-12 1.8173078815665649E-12 -0.9999999998067131
-0.5572635618174065 2.2801753853739906E-12 -0.5393840097013234 2.5160429333073546E-12
3.155138970965661E-12 -0.6648681762552082 -0.5677330007832954 4.2802397349698445E-12
0.18383773561152217 0.021064604683140753 0.6469353499310213 0.6702636474895821
1.8780211717805032E-11 7.512084687142482E-11 -0.5302741096282673 -0.6648681762552089
-0.6728737989546791 1.5024169374284963E-10 -0.6004050587946106 3.756042343571181E-11
-0.7037673613330501 3.0048338748569926E-10 -0.5353870080590852 7.512084687142482E-11
-0.5392828392228665 6.009667749713985E-10 -0.5131764527826066 1.5024169373977216E-10
-0.6660785402134091 1.201933549942797E-9 3.0048338183681643E-10 3.004833874833309E-10
-0.5372770620783636 2.403867099885594E-9 -0.6919244064857586 6.009667749713982E-10
-0.7006348889451076 -0.6723545624994428 4.807734199771188E-9 1.2019335499427968E-9
0.43089108068100324 0.2944916988628249 0.6552908750011144 0.4447262340485738
4.728205652292288E-13 6.672778837825798E-13 -0.5384437224226902 -0.6723545624992842
-0.5878552224643775 8.011423010917335E-13 -0.6690179474032494 5.588134039937585E-13
-0.6403642455949015 1.0057725533109997E-12 9.41597713582896E-13 5.602655793001532E-13
-0.5941719606011258 7.641773124362891E-13 -0.5725444549678046 5.548112691401131E-13
-0.5560089539281646 -0.5100053710954744 1.082126609758375E-12 4.745637903838006E-13
0.29643556792105896 0.32682228517233836 0.9799892577878274 0.7337961714018763
2.1168666611711455E-13 -0.9999999999998577 1.3687952967670629E-13 -0.510005371105998
1.803619156715662E-12 -0.5393840097639608 2.093094101131114E-12 -0.9999999999998286
0.19387302007947793 0.6081765297689732 0.2289666463129163 0.9212319804587032
0.5851891618941231 0.4673756752006327 0.7012792520617844 0.864533996707148
0.173109623439758 0.024394975709151834 0.2286285441849335 0.2836363430247879
0.7218671204763083 0.9394517807434654 0.4260383670763723 0.4579213042736653
0.7991898824107787 0.13186164842118475 0.4583152462075619 0.3748006620947666
0.26775471268913154 0.1896827288711137 0.9292259838818296 0.07549459591447538
0.9736470944347869 0.8034925232262593 0.08439699935943568 0.06902600935997683
6.009667748342703E-10 -0.6919243265304403 7.06811677320536E-11 -0.5131764527826065
0.2164724098267764 0.19601483828645994 0.47391266359590145 0.6161511870284829
2.4038670998855937E-9 -0.6472711126572903 9.615468399542376E-9 -0.6919244064857586
0.011094039485608054 0.11976476763518706 0.7054577746854193 0.1583383854847722
0.4131753741194498 0.8259743310579113 0.9231125551526269 0.13728761258380173
0.10742543726776699 0.6619641051615005 0.601618053593824 0.16537689934214306
7.392889832966551E-13 -0.572544466828426 9.753621654688437E-13 -0.6690179473358342
0.6306385191876359 0.06738230529998979 0.6931046229520361 0.8549110660314859
1.9238115009490816E-12 -0.5430005321909357 7.618644033149654E-13 -0.5725444533502241
0.0933182535543543 0.13028981267055006 0.774747016054162 0.9139989226209928
1.5065336357403485E-13 -0.9999999999810871 2.333367685075006E-13 -0.5430005386894893
2.178974770859558E-12 2.262612950399566E-12 -0.5963827608415098 -0.9999999999998912
-0.5393840097706483 2.3736361870141346E-12 -0.8220572486684061 1.5121615360987092E-12
-0.5677330016464252 2.2443779804765555E-12 -0.5418054838159871 1.5057750709219685E-12
-0.8581818152069731 3.276116111547671E-12 -0.5125724935215941 2.0722898348505714E-12
-0.5302741096281771 6.385711371281087E-12 -0.6482573540922559 1.938515240164273E-12
-0.6004050587945957 6.956553125483943E-12 -0.6305167065459292 3.670670687263491E-12
-0.5353748212033467 -0.5069911704331833 -0.7283837830516494 4.5955834132962535E-12
0.8967775025755573 0.8075068359449051 0.9860176567368684 0.5050305594385486
2.769182344168926E-10 -0.5634969587028493 1.2077148628064468E-10 -0.5069911715790076
0.8730060825942727 0.6319476545940688 0.4639679083043031 0.05716870129837781
4.807734199403832E-9 -0.5122855014789809 1.9230936799084753E-8 -0.5634969587028636
0.17910149397363562 0.9754289970420381 0.07317656437390763 0.6458760020095489
-0.5384437224111129 1.2567429177481672E-12 1.3157053101733206E-12 -0.5122855014789809
-0.6690166044172403 1.844488928344943E-12 -0.6707450131770091 1.1229510591120267E-12
1.176502989777113E-12 -0.6990704235103506 -0.6704615117787329 1.5057090234720232E-12
0.04973125174929205 0.6018591529792988 0.04938370403964365 0.3034421636918041
1.0748102614139087E-12 6.448999212037154E-13 -0.6858067081377599 -0.699070423510349
-0.5430005386895036 3.6021961636030897E-13 -0.6084444451329932 8.113913706951955E-13
1.8669449347121058E-13 -1.0 -0.5281687139345235 4.2957972912311954E-13
0.22098361867020955 0.8041917476870866 0.032406068819885725 0.8072344780050039
0.08412573872170803 0.35588550266318786 0.19102970561754173 0.200480660087341
0.38251585190833504 0.009123589796493303 0.35491276742112754 0.9163890323680258
0.9748550129272588 0.9616785645688546 0.550017879763923 0.134420683712432
0.6837173092594683 0.5137270704673124 0.6993789830598391 0.7034696428609302
0.7045031967377189 0.6163155365642154 0.47184775319154104 0.7389665841584963
0.07410175673065611 0.5432324100482556 0.008923459803600431 0.3117877568411649
0.8010982846925834 0.5823133072520518 0.4405852164952644 0.8286096288526731
2.1886348198488233E-10 -0.5867243399047912 1.86604215198262E-10 -0.5856951855736512
0.17441174183033237 0.5622223812039009 0.4735100650809818 0.8265513048110317
9.61546839954237E-9 -0.5359571933859726 3.8461873598169506E-8 -0.5867243475944841
0.8634646064558765 0.8024943619765424 0.9280856132280547 0.3388009102070165
1.3829604945938713E-12 -0.6707450133167543 5.303316920343667E-13 -0.5359571933858315
0.5975712318307562 0.27504720859705667 0.37344247763307004 0.6585099733664913
0.6590769764425343 0.3451533810445142 0.47917002864710423 0.5052100502044798
0.7685769338409377 0.6904345926416044 0.6865327872451868 0.01694983842172293
0.5480531653924079 0.22877928831551164 0.6283865837244803 0.03843437996606891
0.6619455770037636 0.34652537383398596 0.7831111097309895 0.6475384774598799
0.9436623082132981 0.7362068516010745 0.25693209484392876 0.7314647792886669
-0.5963826969238534 1.7018410066200566E-10 1.492837672935614E-10 -0.9999980206771688
-0.8220572486682396 1.3892642783912806E-10 -0.5667541680424996 1.0434400924413298E-10
-0.5418054838149899 1.1181349004061313E-10 1.6956764106208109E-10 2.339049786737763E-10
-0.5125724935363706 8.526552672679522E-11 -0.6713826075380191 1.2216959444768627E-10
-0.6482651785680852 1.2400603096874483E-10 -0.5249813297684708 1.0687275570716403E-10
-0.6305167079207508 1.537068578166016E-10 -0.5267928016845219 2.0875139060874873E-10
-0.7283837949758722 7.625356815498499E-11 -0.7764767019821244 1.3737198641951324E-10
-0.5856951855736633 9.530815969661456E-11 -0.7090567218116539 7.143003966818643E-11
1.1664240724175674E-10 -0.5154161567306489 -0.9100275026171122 1.257428968377308E-10
0.9691675424866256 0.691497403962003 0.40643475787002625 0.3408152845572454
1.923093679908306E-8 -0.5173155491422244 7.692374719633901E-8 -0.5154162287566872
0.9653689017155511 0.7121526527557617 0.4332367685380081 0.3089354969944802
8.565935216091897E-13 8.496851680308806E-13 -0.6317215556190972 -0.5173155491422244
-0.6707434874755398 5.433711613833801E-13 -0.6970167251068918 5.027392548590895E-13
-0.6704615117787329 4.4801600281244665E-13 -0.5454215699068468 4.807431893085677E-13
-0.6157115330785764 3.9511236491522196E-13 -0.6648786562561242 4.722674139029509E-13
-0.6858067081377599 -0.6796545329846855 7.497148400059869E-13 2.612777595033386E-13
0.04327685815908633 0.6348911720480381 0.6406878207706704 0.1643158092169693
-0.5281542169089813 -0.9999841958328635 4.0257829925955674E-13 -0.679656077923755
1.1314451738336549E-10 -0.5667541679769449 7.76958663562102E-11 -0.998081017336882
0.8664916638943887 0.36250689899544675 0.34888902687025825 0.5923838160215399
1.7941968688341625E-10 -0.6713827592324452 2.3985636425059533E-10 -0.5667541679114203
0.6572344815333471 0.2236639051499475 0.20574478118609607 0.11651698924064846
0.15704989157770377 0.14378114847177514 0.13002627600172967 0.9500373404630584
0.749612432647351 0.5932333110677993 0.30960976836270393 0.946414133647322
0.2808730420385297 0.15590315864930504 0.10383609830866736 0.44704659603551455
0.5818863478307889 0.2854661627057137 0.5472684812385472 0.4228554299226708
0.17994256540669062 0.15924660704507831 0.06374295401840613 0.10652838486451954
0.4205126543124744 0.3496023586841899 0.8944701857344863 0.5713381501025192
3.846183933841936E-8 -0.591017901812463 1.5384749439267802E-7 -0.5527649071327568
0.014082622673473377 0.8179641963750739 0.08538625773656217 0.20614253020318796
0.1546816384319022 0.7365568887618058 0.3748794791221953 0.33895782891806314
0.1662679055719266 0.6059665471045955 0.13955055022926033 0.2263532430330678
0.1788832306472734 0.9091568601863051 0.4613193332731542 0.4296642650812659
0.575428870223005 0.06794962624387146 0.6564389245549694 0.6702426874877515
9.09749934737224E-13 -0.5186295083323736 4.621561369781267E-13 -0.6648786561115134
0.5385414254447153 0.9627409833352524 0.03784421751109113 0.34442225474713195
3.779819620960073E-13 -0.9999999981858864 4.4995261077363025E-13 -0.5186295083323589
1.464066471810858E-10 -0.5706850487685041 1.3677986412627242E-10 -0.9999998905831892
0.21979953975976207 0.41655534388215953 0.8586299024629889 0.8190364985966067
2.3331228196466016E-10 -0.508842324588977 2.602410619438561E-10 -0.5706849885672676
0.5248878390866213 0.14013049123779442 0.006205582461786596 0.982315349701923
-0.5240067444714714 -0.8388993118155097 3.2113482955494066E-10 -0.5087628198191754
0.12488727184869697 0.30445825805159954 0.1520846218956725 0.06841231781238277
-0.7764767018232928 1.9376949842367684E-10 1.745218167797168E-10 -0.8477708709647237
-0.70905682595393 1.8018810591398785E-10 -0.5213964032521051 2.1655295559868295E-10
-0.9100287171917557 -0.6177859105398631 2.179571239222669E-10 1.7160901235587684E-10
0.07663229308067798 0.5971575955635302 0.33569796550928677 0.7644281789070214
7.691993946460271E-8 3.0769498878535604E-7 -0.6122822181008601 -0.6177859105464892
-0.5910179018124629 6.153899775707121E-7 -0.5039262391157979 1.5384749439267802E-7
-0.6317215556190972 1.2307799551414242E-6 -0.5575464299698281 3.076949887787757E-7
-0.6970167264477023 2.4615599102828484E-6 -0.5441722335561436 6.153899775707121E-7
-0.5454215699068459 -0.7817983594710095 4.923119820565697E-6 1.2307799551414242E-6
0.1609735850485554 0.26485417853777926 0.1573586272016141 0.43640328105798076
6.409822770437455E-13 4.963357743867271E-13 -0.5584907992981155 -0.7817983594702135
-0.5186295083323736 4.341921141698645E-13 -0.5103053850877477 4.2181957667697114E-13
2.845585612755735E-13 -0.9999999999999998 1.9880366864839203E-13 3.2348315159564594E-13
1.3328293226376664E-10 -0.5400132284863347 1.7509332191984636E-10 -0.9999999999999819
0.9199735414302387 0.44811385489931466 0.1196611665156675 0.8107203402380704
2.8232015098503424E-10 -0.5047485319807736 2.536813902660618E-10 -0.5400132157271932
0.3896180209324882 0.9905029360384319 0.5043279082048822 0.06173740297978947
2.912583289331075E-10 -0.5759446237071522 5.702809983260306E-10 -0.5047473836490302
0.39190786948445766 0.8481107525856929 0.8027658601464623 0.211464489243833
1.9045775531629322E-10 -0.5213964032579899 2.7088336681166244E-10 -0.5759446237059743
0.9572071934823303 0.5716997911593502 0.7358755026244181 0.801143161534976
2.161438163280699E-10 -0.6469789621932007 2.704198953177016E-10 -0.5213964032586915
0.39791311546774777 0.4236782267865047 0.40419731019808147 0.7060420725259307
0.27804593606396 0.7754355637982797 0.17259921050935734 0.6137178612593296
0.12273433545897339 0.43057590063074425 0.1362630090765382 0.9921475217684042
0.12100270271400859 0.6465884839002849 0.011075321654092862 0.8849071400603439
0.7254447901102025 0.9116555328877126 0.23739889315078055 0.47652813575469566
2.4615599085614356E-6 -0.6312173143430546 9.846239641131393E-6 -0.5441722335561436
0.4457688034137295 0.7375653713138907 0.29913677749104073 0.30778009251856064
0.8055085148068871 0.11038755839644165 0.2553210186105257 0.8830184013868383
0.3500536942513067 0.8229396285907707 0.9793892298245046 0.13295931568936636
3.8194314066213703E-13 -0.999999999998457 3.412816699481953E-13 -0.5103053850867857
1.403631586217983E-10 -0.5456892918052246 2.587901269112858E-10 -0.9999999998332594
0.9086214163872457 0.6099217457538965 0.24181208464464987 0.17999854403876747
3.460914561631681E-10 3.4526682116657487E-10 -0.6273796443465669 -0.5456891638502287
-0.5047485319807834 5.583186946582847E-10 -0.558999919475298 3.59473124021819E-10
3.3044168993971294E-10 5.828757499315448E-10 -0.6033931155810791 5.127517733775128E-10
-0.5759446237070466 4.3010475478659906E-10 -0.5847765587759693 4.5838309842395177E-10
1.9538169003358253E-10 -0.5681842072311314 -0.5685562885698416 3.582518182952183E-10
0.5791870870935809 0.8636315632288427 0.03077558738646169 0.798098683202686
3.887743821375706E-10 -0.5070084827711645 2.522512117815319E-10 -0.5681842183742304
0.0855987321881364 0.6771701829260899 0.9859828393080026 0.05834195254870833
-0.6122822180879972 0.0012603186740647466 0.005041274696259273 -0.5070085803459987
-0.5039262391149355 6.301593370324087E-4 -0.5711353914468887 0.0025206373481296367
-0.5575464299698281 -0.571844471682807 3.150796685162044E-4 0.0012603186740648184
0.450450131423878 0.81114680870952 0.856311056634386 0.3089501975576925
4.923119820565657E-6 -0.5452702784973251 1.9692479282262787E-5 -0.5718444716813031
0.9094594430053498 0.8477384263550609 0.6362249799680312 0.5927160106183463
-0.5584906826224044 -0.9099571957572514 2.5078346778284027E-13 -0.5452695593943271
0.0586194036342772 0.006999014465468689 0.18008256156112745 0.1227594855512627
2.7601410620146695E-13 -1.0 3.634236635715705E-13 -0.9099587192047983
4.1089195173889636E-10 -0.5707227805382276 4.398794929958573E-10 -0.9999999999998544
0.20131402229573037 0.7035464974028729 0.858554438905022 0.6775857184727357
0.7452407113066075 0.1901667988950675 0.01665682495495513 0.6731675978990423
0.6231189544053266 0.8819999089412979 0.7715184932999707 0.8200778431126117
0.4047523022694135 0.4262385179507625 0.7932137685398089 0.4979453019189307
0.8304468801600701 0.3028743119959113 0.7138757353091203 0.010047081317659856
0.05968942455095161 0.23906476631480467 0.60259001923995 0.8628872951743232
0.935924257335491 0.5272711652365752 0.9910709182470133 0.880348609375659
3.538039477610877E-10 -0.6995265373449985 3.772498362802758E-10 -0.5044639142383923
0.3696518974181071 0.2792648740533663 0.07550695031267474 0.6009469253100016
0.002520637348129636 -0.571135391448074 0.010082549392518547 -0.6995265373449993
0.8577292171038519 0.21291750516336305 0.700196534622614 0.46088693763571575
6.301593370324092E-4 -0.5421708945022304 1.5753983425810118E-4 -0.5711353914480741
0.28072227796179305 0.729647122645691 0.14583454240621108 0.9156582109955391
9.846239640525299E-6 -0.5750716563985621 3.9384958564525574E-5 -0.5421708945022304
0.25973195954908634 0.8498566872028758 0.13144664974217468 0.1663585775232327
1.6444447669332844E-13 -0.5156143689719154 1.6171470901576432E-13 -0.5750716504369755
0.5677183914709737 0.3927291975731422 0.968771262056169 0.5870632072973165
2.7956118382666776E-13 -0.9999999834680303 5.357360229258065E-13 -0.5156142825412984
4.140175724297697E-10 3.170525738126525E-10 4.4824361751702486E-10 -0.9999999984331945
-0.5707227805474739 5.623757761814341E-10 -0.6723974300763039 2.7539704485434117E-10
-0.6273796350953991 -0.5447002353209001 1.052454156243762E-9 4.3805863879788553E-10
0.25334169035204845 0.9105995291424034 0.8531465053401771 0.39374860036169
-0.6033931155713916 2.57291052301116E-10 2.2848515328373008E-10 -0.5447002353173537
-0.5847765590758984 3.7083621576291326E-10 -0.6120347806014423 4.574935470428092E-10
-0.5685563524127627 -0.5052210026502528 3.325275380618108E-10 2.7277108157088643E-10
0.5550726880843921 0.9895579944374333 0.8684151480798036 0.4582559860892864
3.2391601688920637E-10 -0.6056358539012714 6.57960582747744E-10 -0.5052208945157104
0.07085619907348217 0.788728292197454 0.08984951250809492 0.6091484776409798
0.005041274696259273 -0.5411007213707915 0.020165098785037094 -0.605635853901273
0.4906434484632397 0.2150025196693245 0.9177985572584172 0.41911411555967404
3.150796685162046E-4 7.87699171290505E-5 -0.5394625103983725 -0.5411007213707915
-0.5421708945022304 3.9384958564525574E-5 -0.5215602581892542 1.575398342581023E-4
1.9692479282262773E-5 -0.5449522096481875 -0.5308271428741476 7.876991712905115E-5
0.48399618917753207 0.6858521965165824 0.3824048796857876 0.9100955807036251
1.5628630650761004E-13 -0.5279687586629588 2.1582947338242458E-13 -0.5449522096481875
0.9440624826740824 0.20330811144118988 0.31093971040808055 0.8148784610037292
3.0018369967683795E-13 -0.9999998073072773 4.185570240118039E-13 -0.5279687586622618
3.277179644685889E-10 -0.672397428906694 4.2432083966177247E-10 -0.9999999999980336
0.32485553171097536 0.3166021682954785 0.6552051398473902 0.35929566547956304
1.3102952601932998E-9 -0.5401699153537608 4.665889879371296E-10 -0.672397429918063
0.9196601692902946 0.41923845728789755 0.5862724783263221 0.12617608688038073
1.8945377020649824E-10 -0.6120347806121705 1.1210200733958122E-10 -0.540169914485275
0.12719542868217282 0.12466383747410326 0.6429714875440028 0.7759304387756586
2.1732922486365264E-10 -0.699523029763149 2.860483089991848E-10 -0.6120347806109937
0.6009539382483725 0.18360275397231007 0.5074063730595434 0.020066260256052404
4.699288189263073E-10 -0.6234165689448111 3.189241965058746E-10 -0.6995230308757977
0.7531668621090917 0.4787191961471511 0.324319468683965 0.09452307693143713
0.01008254939251 -0.5717751858967813 0.04033019757007419 -0.6234165689454542
0.6514799305152257 0.6663260035745587 0.8564496282064373 0.789580804739441
0.5151091349839533 0.2687882498328349 0.3471444379588339 0.9210749792032551
0.6510422206692614 0.6926670178855476 0.3762795963791802 0.9568794836214914
0.03709349709532406 0.7150961469547529 0.9383457142517049 0.12706026724046215
0.35966343350900487 0.9386780797885025 0.45432898850035586 0.3099575892695493
1.8144000082182578E-13 -0.5014332871810829 8.251238695936118E-14 -0.5306609601057488
0.7836967866004668 0.9971334256378319 0.05414878150266711 0.5847142079187225
3.061679370468916E-13 -0.9999999999999998 2.178651872773346E-13 -0.5014332871738968
4.4039490861470436E-10 -0.5459293341965763 3.6330061883354474E-10 -0.9999999999998623
0.5127527587626187 0.22836809254504487 0.36515143177382015 0.9081413316050834
7.451929025320528E-10 -0.6544370478139763 -0.6763300137377287 -0.5459285701106877
0.3480530476787109 0.3740900893133291 0.6911259043700335 0.24870561708053096
1.2447849806203683E-10 -0.5154696718788058 1.2765741523742564E-10 -0.6544370340538865
0.9690606562421713 0.47291847240332396 0.9436679985259487 0.15024757351590323
4.623380869269479E-10 -0.5063235021645996 -0.5236934431056665 -0.5141147837770358
0.9870547947544138 0.4174448052408769 0.1463911266295429 0.3370385047869492
3.8206194064976994E-10 -0.5582279472361901 4.2518944672589965E-10 -0.5064726026217148
0.62704652770385 0.7894602518939527 0.8835441055248789 0.22028937362719336
0.020165098785037073 0.08066039514014837 -0.817575063578293 -0.5582279472375605
-0.5717751858967813 0.16132079028029675 -0.5389111433849814 0.04033019756510389
-0.5394625103983725 -0.519752455028353 0.3226415805605935 0.08066039514014837
0.23567455677551552 0.9604950899432939 0.8133685576114069 0.7879206239671165
-0.5308271428741462 9.684051757483906E-14 2.320344475139911E-13 -0.519752455028353
-0.5306609601057488 6.356661500663484E-14 -0.7129040356604921 1.2855659477693783E-13
9.935858477137227E-14 -0.721121876259176 5.760404828015689E-14 7.302987384714203E-14
0.49133499891623433 0.15902970143270279 0.557756247481648 0.43231648251617416
2.0937880772300322E-13 -0.9999999999999873 2.2569104966875296E-13 -0.721121876259176
4.0435668368615823E-10 -0.678370861554633 3.931863018992725E-10 -0.9999999986879761
0.4749804378710427 0.22543467748402057 0.6432582766900118 0.39922604071604806
0.3330407049082742 0.6473368466830538 0.33537674259604067 0.3882978363544327
0.18002722296228624 0.7860742798879787 0.15887404174841924 0.2978618761126193
7.235270940144152E-11 -0.522653869908196 8.292667604191549E-11 -0.6069628600559962
0.5436627357423325 0.8571372972997859 0.9546922601568176 0.7142017256506122
0.4290299817187988 0.5733726252470146 0.21088904275130882 0.9526115671336283
0.09745071028969154 0.030118098504607116 0.3959350991175249 0.1502365088717682
2.6441261515261925E-10 -0.5577891201028741 3.5699027088053256E-10 -0.8018868732064718
0.052999075100160664 0.3080250215152175 0.37622339806849736 0.8844214771046274
0.35477551505977845 0.3648498728433912 0.3007827243822194 0.0503675352955657
0.6206941453374273 0.5319407027939174 0.10104790919127948 0.9221777132300372
0.16132079028029508 -0.6218129832527757 0.645283161121187 -0.5389111433849814
0.1693160249014506 0.7563740334944459 0.4005983034409898 0.6852240768000746
2.1703621517728323E-13 -0.7129040356511533 2.478060435848527E-13 -0.6218129831444326
0.5741919286790157 0.07730985750749919 0.482106299491478 0.0061460939302113715
9.010203074546183E-14 -0.6665687350906263 5.785023587233099E-14 -0.7129040356604839
0.35154294697324207 0.6668625298187473 0.28185926181291476 0.24460781827267886
1.5564578184000443E-13 -0.9999999879820114 1.437340404013215E-13 -0.6665687350906264
4.9109801105049E-10 3.8662262788426244E-10 3.5991669614323515E-10 -1.0
-0.6783708603462633 5.219341515533949E-10 -0.5172213479200025 3.2050141867926253E-10
-0.6763184762110662 -0.69979757053429 7.695777737119157E-10 5.343975686394613E-10
0.5713577130215427 0.41532908645449906 0.23114261039460127 0.600377736232714
6.025392893038572E-11 7.019017543395412E-11 -0.5723420651789888 -0.699811131883642
-0.5226538699215899 6.299320903401001E-11 -0.5371527488215053 7.252812423528807E-11
-0.5236942154356202 -0.5983724732948082 1.0278126585364002E-10 9.852369796485687E-11
0.6646100060095167 0.8021585657318409 0.8032550505493271 0.44429572409107254
2.7605403115661646E-10 -0.5202106085156409 1.2588743051042694E-10 -0.5983724747252731
0.5267402363870093 0.3107326639009015 0.959578782968718 0.2379438519411209
-0.8175750635783043 1.290566322242374 5.162265288969496 -0.520210608515641
-0.5389111433849689 0.645283161121187 -0.5435516603568102 2.581132644484748
0.3226415805605935 -0.5701984607423921 -0.6203384931468846 1.290566322242374
0.6577968217292968 0.4444726063161837 0.8596030785152158 0.7176163367400843
2.393452716146471E-13 -0.5435021663983893 -0.6227258598073752 -0.5701983322328498
0.1601031498371578 0.9129655089229205 0.5728503466787003 0.553318594739544
1.056508859628497E-13 1.0292713105446189E-13 -0.5067070582500945 -0.5435172455385398
-0.6665687350906263 1.1067429613224852E-13 -0.5488896244164315 5.726559884178518E-14
1.454426218518003E-13 -0.9999999999999999 7.982112965465897E-14 9.338221038468624E-14
3.5129148642589697E-10 -0.5172213593806195 3.4695135279926444E-10 -0.9999999998985363
0.6628507437880303 0.32963216465755396 0.5224118114490061 0.9655572812375051
6.968207593248108E-10 -0.5326158907710172 8.042338613472033E-10 -0.5172213592646336
0.5326270205917857 0.37096234418771945 0.30042829736041277 0.9347682158714158
0.5123299384356682 0.1821693798154268 0.5497294766339296 0.8553158696420223
0.10464773238054637 0.8047662800021983 0.9256945023569642 0.6499633308713735
6.604806877970734E-11 -0.6677449977688654 9.447669326837491E-11 -0.5371527488205111
0.6645100044622689 0.5027242328579062 0.4900084402674968 0.21914675011080076
1.7373775564434194E-10 -0.5194365961309576 1.6134013449604984E-10 -0.667737608661439
0.9034210319953594 0.38118146026305044 0.9611268074502898 0.7739974907390732
2.581132644161075 -0.5435509715135036 10.324530577938992 -0.5194365962597469
0.9128966792863795 0.2727158630192764 0.910755180347072 0.5636203427226538
0.3878017842101492 0.20648470032092792 0.07181559204103438 0.7593230137062308
0.3758100202208742 0.07071611815600953 0.8148647685477287 0.29884620864270495
0.7545482536309436 0.7134097132016656 0.37438068042949746 0.17410697377521556
0.051446362553646985 0.40087608148975973 0.5864921217370336 0.06348789280423695
0.37112229581841194 0.9865858834998096 0.05912015547762228 0.4464034613192519
0.9022207511671367 0.32351196202218213 0.2511781330153827 0.358957794373136
1.5114171641926548E-13 -0.9999999999999833 1.4265233639942525E-13 -0.5488896244164315
3.541420267884873E-10 -0.5853647796751056 -0.9999999999999808 -0.9999890134640954
0.41897634476283296 0.8292423208984097 0.7096406897632005 0.5768145642863909
1.1114159820227887E-9 5.566607326557683E-10 -0.9999999999849323 -0.5853788275118238
-0.5326158920642151 5.934562548909715E-10 -0.9999883881816951 1.0327300498534166E-9
-0.5609214782044093 -0.6537986734662539 -0.9825970172363904 9.724758514895884E-10
0.6895500063937576 0.593286092456376 0.5725442511805638 0.6612233588122575
1.0838899975080503E-10 1.192666511974184E-10 -0.999999999998436 -0.6552249957348126
-0.6677449968538973 1.1963630260409255E-10 -0.9999999999999982 1.030946091179909E-10
1.4075677748295176E-10 -0.6558794611432301 -0.9999999998099199 2.0816601406491698E-10
0.3380464823218666 0.6882410756772168 0.2907595873948793 0.5851808042341219
0.6490611558779823 0.5092640081010944 0.302989445781515 0.1763674414912858
0.6359827556640371 0.45979828959712377 0.39936505037267456 0.7441809084688843
-0.6196886441863573 1.659012770818367E-13 -0.999999988895807 -0.6279095457642823
-0.5925676156603 1.7560808120244075E-13 -0.999999998884588 2.1546021124313106E-13
-0.6227258731845281 2.974770183691824E-13 -0.999999999999999 1.8246938744807173E-13
-0.7067539389609466 2.8390966463215845E-13 -0.9999999999999885 2.353593737273739E-13
-0.5067070582500856 1.4069100781872456E-13 -0.9999999998684456 3.635945492716846E-13
-0.5488896244164315 1.343046288131397E-13 -0.9999999999998825 2.2670229963152138E-13
9.196172143802281E-14 -0.9999999999999835 -1.0 2.6422414563300954E-13
